distx,disty,HEDAR:n,HEDAR:Jaccard,Hough:n,Hough:Jaccard,EFT:n,EFT:Jaccard
-34,-105,2,0.22082,6,0.12625,2,0.09116
10,-105,2,0.22082,6,0.12625,2,0.11292
26,-105,2,0.22082,6,0.12625,1,0.53407
-10,-105,2,0.22082,6,0.12625,2,0.09116
-82,-105,2,0.22082,6,0.12625,2,0.11333
-58,-105,2,0.22082,6,0.12625,2,0.11609
-34,-104,2,0.23902,8,0.14931,2,0.10127
10,-104,2,0.23902,8,0.14931,2,0.092692
-82,-104,2,0.23902,8,0.14931,2,0.094033
26,-104,2,0.23902,8,0.14931,2,0.063694
-10,-104,2,0.23902,8,0.14931,2,0.092774
-58,-104,2,0.23902,8,0.14931,2,0.094288
-34,-103,2,0.22082,6,0.12625,2,0.079235
10,-103,2,0.22082,6,0.12625,2,0.075318
-82,-103,2,0.22082,6,0.12625,2,0.11781
-58,-103,2,0.22082,6,0.12625,2,0.11161
26,-103,2,0.22082,6,0.12625,2,0.076993
-10,-103,2,0.22082,6,0.12625,2,0.07491
-34,-102,2,0.23902,8,0.14931,2,0.12554
-82,-102,2,0.23902,8,0.14931,2,0.094631
10,-102,2,0.23902,8,0.14931,2,0.092774
-58,-102,2,0.23902,8,0.14931,2,0.094631
-10,-102,2,0.23902,8,0.14931,2,0.06381
26,-102,2,0.23902,8,0.14931,2,0.099188
-34,-101,2,0.22082,6,0.12625,1,0.53211
-82,-101,2,0.22082,6,0.12625,2,0.078053
-58,-101,2,0.22082,6,0.12625,2,0.11282
10,-101,2,0.22082,6,0.12625,2,0.078237
-82,-100,2,0.23902,8,0.14931,2,0.094631
26,-101,2,0.22082,6,0.12625,1,0.53016
-10,-101,2,0.22082,6,0.12625,2,0.085125
-34,-100,2,0.23902,8,0.14931,1,0.53545
-58,-100,2,0.23902,8,0.14931,2,0.094033
-82,-99,2,0.22082,6,0.12625,2,0.075455
10,-100,2,0.23902,8,0.14931,2,0.092609
26,-100,2,0.23902,8,0.14931,1,0.5379
-10,-100,2,0.23902,8,0.14931,2,0.092199
-34,-99,2,0.22082,6,0.12625,1,0.53407
-58,-99,2,0.22082,6,0.12625,2,0.11312
-82,-98,2,0.23902,8,0.14931,2,0.094631
-10,-99,2,0.22082,6,0.12625,2,0.074842
26,-99,2,0.22082,6,0.12625,1,0.53358
10,-99,2,0.22082,6,0.12625,2,0.084699
-34,-98,2,0.23902,8,0.14931,2,0.12252
-82,-97,2,0.22082,6,0.12625,2,0.12432
-58,-98,2,0.23902,8,0.14931,2,0.095928
-10,-98,2,0.23902,8,0.14931,2,0.093609
-82,-96,2,0.23902,8,0.14931,2,0.092609
26,-98,2,0.23902,8,0.14931,2,0.094558
-34,-97,2,0.22082,6,0.12625,2,0.1098
10,-98,2,0.23902,8,0.14931,2,0.094203
-58,-97,2,0.22082,6,0.12625,2,0.080037
-10,-97,2,0.22082,6,0.12625,2,0.074439
-82,-95,2,0.22082,6,0.12625,2,0.12489
26,-97,2,0.22082,6,0.12625,2,0.085586
-34,-96,2,0.23902,8,0.14931,2,0.096948
-58,-96,2,0.23902,8,0.14931,2,0.092444
10,-97,2,0.22082,6,0.12625,2,0.077555
-82,-94,2,0.23902,8,0.14931,2,0.093609
-10,-96,2,0.23902,8,0.14931,2,0.10069
-58,-95,2,0.22082,6,0.12625,2,0.11333
-34,-95,2,0.22082,6,0.12625,2,0.1468
26,-96,2,0.23902,8,0.14931,2,0.098743
-82,-93,2,0.22082,6,0.12625,2,0.1177
10,-96,2,0.23902,8,0.14931,2,0.095486
-58,-94,2,0.23902,8,0.14931,2,0.093948
-10,-95,2,0.22082,6,0.12625,2,0.079597
26,-95,2,0.22082,6,0.12625,1,0.53358
-34,-94,2,0.23902,8,0.14931,2,0.092527
-82,-92,2,0.23902,8,0.14931,2,0.11081
10,-95,2,0.22082,6,0.12625,2,0.11309
-58,-93,2,0.22082,6,0.12625,2,0.11072
-10,-94,2,0.23902,8,0.14931,2,0.091549
26,-94,2,0.23902,8,0.14931,2,0.061762
-82,-91,2,0.22082,6,0.12625,2,0.091659
-34,-93,2,0.22082,6,0.12625,2,0.11781
10,-94,2,0.23902,8,0.14931,2,0.092444
-10,-93,2,0.22082,6,0.12625,2,0.081178
-58,-92,2,0.23902,8,0.14931,2,0.092857
-82,-90,2,0.23902,8,0.14931,2,0.11392
26,-93,2,0.22082,6,0.12625,2,0.076646
-34,-92,2,0.23902,8,0.14931,2,0.12852
-10,-92,2,0.23902,8,0.14931,2,0.11102
10,-93,2,0.22082,6,0.12625,2,0.075318
-82,-89,2,0.22082,6,0.12625,2,0.097539
-58,-91,2,0.22082,6,0.12625,2,0.11292
26,-92,2,0.23902,8,0.14931,2,0.098004
-34,-91,2,0.22082,6,0.12625,1,0.53211
-10,-91,2,0.22082,6,0.12625,2,0.085993
-82,-88,2,0.23902,8,0.14931,2,0.11242
10,-92,2,0.23902,8,0.14931,2,0.091711
-34,-90,2,0.23902,8,0.14931,1,0.55484
26,-91,2,0.22082,6,0.12625,1,0.53114
-10,-90,2,0.23902,8,0.14931,2,0.094077
-58,-90,2,0.23902,8,0.14931,2,0.093694
-82,-87,2,0.22082,6,0.12625,2,0.13339
10,-91,2,0.22082,6,0.12625,2,0.076439
-34,-89,2,0.22082,6,0.12625,1,0.53114
-58,-89,2,0.22082,6,0.12625,2,0.11141
26,-90,2,0.23902,8,0.14931,1,0.5379
-10,-89,2,0.22082,6,0.12625,2,0.097198
-82,-86,2,0.23902,8,0.14931,2,0.094118
-34,-88,2,0.23902,8,0.14931,2,0.12729
-58,-88,2,0.23902,8,0.14931,2,0.094203
10,-90,2,0.23902,8,0.14931,2,0.09294
-10,-88,2,0.23902,8,0.14931,2,0.11765
26,-89,2,0.22082,6,0.12625,1,0.55256
-82,-85,2,0.22082,6,0.12625,2,0.11374
-34,-87,2,0.22082,6,0.12625,2,0.11749
-58,-87,2,0.22082,6,0.12625,2,0.076007
-10,-87,2,0.22082,6,0.12625,2,0.094523
10,-89,2,0.22082,6,0.12625,2,0.076508
26,-88,2,0.23902,8,0.14931,2,0.14795
-58,-86,2,0.23902,8,0.14931,2,0.091469
-34,-86,2,0.23902,8,0.14931,2,0.076364
-82,-84,2,0.23902,8,0.14931,2,0.093778
-34,-85,2,0.22082,6,0.12625,2,0.1103
-10,-86,2,0.23902,8,0.14931,2,0.094488
-58,-85,2,0.22082,6,0.12625,2,0.1122
26,-87,2,0.22082,6,0.12625,2,0.10367
-82,-83,2,0.22082,6,0.12625,2,0.11728
10,-88,2,0.23902,8,0.14931,2,0.093107
-10,-85,2,0.22082,6,0.12625,2,0.084973
26,-86,2,0.23902,8,0.14931,2,0.10669
-34,-84,2,0.23902,8,0.14931,2,0.1147
-58,-84,2,0.23902,8,0.14931,2,0.099733
-82,-82,2,0.23902,8,0.14931,2,0.094033
10,-87,2,0.22082,6,0.12625,2,0.074775
26,-85,2,0.22082,6,0.12625,1,0.53394
-10,-84,2,0.23902,8,0.14931,2,0.094488
-34,-83,2,0.22082,6,0.12625,2,0.15365
-58,-83,2,0.22082,6,0.12625,2,0.11644
10,-86,2,0.23902,8,0.14931,2,0.093995
-82,-81,2,0.22082,6,0.12625,2,0.077626
-34,-82,2,0.23902,8,0.14931,2,0.18089
26,-84,2,0.23902,8,0.14931,2,0.072926
-10,-83,2,0.22082,6,0.12625,2,0.10996
-58,-82,2,0.23902,8,0.14931,2,0.096102
-34,-81,2,0.22082,6,0.12625,1,0.59177
26,-83,2,0.22082,6,0.12625,2,0.075249
10,-85,2,0.22082,6,0.12625,2,0.10975
-82,-80,2,0.23902,8,0.14931,2,0.094374
-10,-82,3,0.36499,8,0.14931,2,0.16529
-34,-80,2,0.23902,8,0.14931,1,0.5797
-58,-81,2,0.22082,6,0.12625,2,0.11749
10,-84,2,0.23902,8,0.14931,2,0.092199
26,-82,2,0.23902,8,0.14931,2,0.10912
-82,-79,2,0.22082,6,0.12625,2,0.077484
-34,-79,2,0.22082,6,0.12625,1,0.59318
-58,-80,2,0.23902,8,0.14931,2,0.098182
-10,-81,3,0.36871,6,0.12625,2,0.11515
26,-81,2,0.22082,6,0.12625,1,0.53358
10,-83,2,0.22082,6,0.12625,2,0.097711
-82,-78,2,0.23902,8,0.14931,2,0.094545
26,-80,2,0.23902,8,0.14931,1,0.53351
-34,-78,2,0.23902,8,0.14931,2,0.20827
-10,-80,3,0.37972,8,0.14931,2,0.095986
-58,-79,2,0.22082,6,0.12625,2,0.11504
10,-82,3,0.36499,8,0.14931,2,0.094654
-82,-77,2,0.22082,6,0.12625,2,0.12025
26,-79,2,0.22082,6,0.12625,1,0.53444
-58,-78,2,0.23902,8,0.14931,2,0.098182
-34,-77,2,0.22082,6,0.12625,2,0.19336
-10,-79,3,0.38133,6,0.12625,2,0.09469
10,-81,3,0.36871,6,0.12625,2,0.078027
-82,-76,2,0.23902,8,0.14931,2,0.092129
26,-78,2,0.23902,8,0.14931,2,0.13537
-10,-78,4,0.39691,8,0.14931,2,0.12616
-34,-76,2,0.23902,8,0.14931,2,0.13063
-58,-77,2,0.22082,6,0.12625,2,0.08011
26,-77,2,0.22082,6,0.12625,2,0.10464
-82,-75,2,0.22082,6,0.12625,2,0.11364
10,-80,3,0.37972,8,0.14931,2,0.095406
-10,-77,3,0.3734,6,0.12625,2,0.11237
26,-76,2,0.23902,8,0.14931,2,0.10601
-34,-75,2,0.22082,6,0.12625,2,0.1374
-58,-76,2,0.23902,8,0.14931,2,0.092527
-82,-74,2,0.23902,8,0.14931,2,0.093357
26,-75,2,0.22082,6,0.12625,1,0.52823
-10,-76,3,0.38421,8,0.14931,2,0.11867
-34,-74,2,0.23902,8,0.14931,2,0.17025
10,-79,3,0.38133,6,0.12625,2,0.087783
-58,-75,2,0.22082,6,0.12625,2,0.12353
-82,-73,2,0.22082,6,0.12625,2,0.1157
-34,-73,2,0.22082,6,0.12625,2,0.15417
26,-74,2,0.23902,8,0.14931,2,0.10554
10,-78,4,0.39691,8,0.14931,2,0.10424
-10,-75,3,0.38502,6,0.12625,2,0.21231
-58,-74,2,0.23902,8,0.14931,2,0.093023
-34,-72,2,0.23902,8,0.14931,2,0.19126
-82,-72,2,0.23902,8,0.14931,2,0.095455
26,-73,2,0.22082,6,0.12625,2,0.1307
-10,-74,3,0.39535,8,0.14931,2,0.15638
10,-77,3,0.3734,6,0.12625,2,0.093382
-34,-71,2,0.22082,6,0.12625,2,0.14034
-58,-73,2,0.22082,6,0.12625,2,0.12092
-82,-71,2,0.22082,6,0.12625,2,0.081204
26,-72,2,0.23902,8,0.14931,2,0.12467
-10,-73,3,0.38502,6,0.12625,2,0.12478
-34,-70,2,0.23902,8,0.14931,1,0.57358
10,-76,3,0.38421,8,0.14931,2,0.12676
-82,-70,2,0.23902,8,0.14931,2,0.093948
-58,-72,2,0.23902,8,0.14931,2,0.09319
-10,-72,3,0.39535,8,0.14931,2,0.18283
-34,-69,2,0.22082,6,0.12625,1,0.55576
26,-71,2,0.22082,6,0.12625,2,0.12727
-82,-69,2,0.22082,6,0.12625,2,0.07573
-10,-71,4,0.4304,6,0.12625,2,0.18448
10,-75,3,0.38502,6,0.12625,2,0.16175
-58,-71,2,0.22082,6,0.12625,2,0.11441
26,-70,2,0.23902,8,0.14931,1,0.53714
-34,-68,2,0.23902,8,0.14931,2,0.17623
-82,-68,2,0.23902,8,0.14931,2,0.093357
-58,-70,2,0.23902,8,0.14931,2,0.09434
26,-69,2,0.22082,6,0.12625,1,0.53285
-10,-70,5,0.44007,8,0.14931,2,0.24336
10,-74,3,0.39535,8,0.14931,2,0.11817
-82,-67,2,0.22082,6,0.12625,2,0.11834
-34,-67,2,0.22082,6,0.12625,2,0.15116
-10,-69,4,0.41924,6,0.12625,2,0.23674
26,-68,3,0.32999,8,0.14931,1,0.53665
-58,-69,2,0.22082,6,0.12625,2,0.11508
-82,-66,2,0.23902,8,0.14931,2,0.093441
10,-73,3,0.38502,6,0.12625,2,0.10367
-10,-68,4,0.41813,8,0.14931,2,0.22953
-82,-65,2,0.22082,6,0.12625,2,0.11333
-34,-66,2,0.23902,8,0.14931,2,0.17456
-58,-68,2,0.23902,8,0.14931,2,0.099556
26,-67,3,0.31664,6,0.12625,2,0.1054
-82,-64,2,0.23902,8,0.14931,2,0.12511
-10,-67,4,0.41716,6,0.12625,2,0.2348
10,-72,3,0.39535,8,0.14931,2,0.095238
-34,-65,2,0.22082,6,0.12625,2,0.13303
-58,-67,2,0.22082,6,0.12625,2,0.084622
26,-66,3,0.32999,8,0.14931,2,0.13299
-82,-63,2,0.22082,6,0.12625,2,0.11717
-58,-66,2,0.23902,8,0.14931,2,0.11922
10,-71,4,0.4304,6,0.12625,2,0.081761
-34,-64,2,0.23902,8,0.14931,2,0.16754
-10,-66,4,0.41471,8,0.14931,2,0.21008
-82,-62,2,0.23902,8,0.14931,2,0.09319
26,-65,4,0.32607,6,0.12625,2,0.12477
-58,-65,2,0.22082,6,0.12625,2,0.1426
-82,-61,2,0.22082,6,0.12625,2,0.077626
-34,-63,2,0.22082,6,0.12625,2,0.13956
-10,-65,4,0.40871,6,0.12625,2,0.19059
10,-70,5,0.43975,8,0.14931,2,0.1405
26,-64,4,0.35404,8,0.14931,2,0.15938
-58,-64,2,0.23902,8,0.14931,2,0.11661
-82,-60,2,0.23902,8,0.14931,2,0.093274
-34,-62,2,0.23902,8,0.14931,2,0.12565
10,-69,4,0.41924,6,0.12625,2,0.1935
-10,-64,4,0.40632,8,0.14931,2,0.16461
-82,-59,2,0.22082,6,0.12625,2,0.077132
-58,-63,2,0.22082,6,0.12625,2,0.12511
26,-63,5,0.40475,6,0.12625,2,0.15486
-34,-61,2,0.22082,6,0.12625,2,0.11091
-10,-63,4,0.39926,6,0.12625,2,0.13128
-58,-62,2,0.23902,8,0.14931,2,0.10233
-82,-58,2,0.23902,8,0.14931,2,0.093044
10,-68,4,0.41813,8,0.14931,2,0.23052
-34,-60,2,0.23902,8,0.14931,1,0.53678
26,-62,5,0.41089,8,0.14931,2,0.10265
-82,-57,2,0.22082,6,0.12625,2,0.12195
-58,-61,2,0.22082,6,0.12625,2,0.12075
-10,-62,4,0.39697,8,0.14931,2,0.1277
-34,-59,2,0.22082,6,0.12625,1,0.52871
10,-67,4,0.41716,6,0.12625,2,0.18159
26,-61,5,0.4022,6,0.12625,1,0.53114
-82,-56,2,0.23902,8,0.14931,2,0.093441
-58,-60,2,0.23902,8,0.14931,2,0.11341
-34,-58,2,0.23902,8,0.14931,2,0.12084
-10,-61,4,0.38913,6,0.12625,2,0.13386
26,-60,4,0.38844,8,0.14931,1,0.53545
10,-66,4,0.41471,8,0.14931,2,0.16583
-82,-55,2,0.22082,6,0.12625,2,0.11364
-58,-59,2,0.22082,6,0.12625,2,0.16753
26,-59,4,0.38606,6,0.12625,1,0.53114
-10,-60,4,0.38694,8,0.14931,2,0.17633
-34,-57,2,0.22082,6,0.12625,2,0.085509
-82,-54,2,0.23902,8,0.14931,2,0.093778
10,-65,4,0.40871,6,0.12625,2,0.19837
-58,-58,2,0.23902,8,0.14931,2,0.15199
-10,-59,5,0.37826,6,0.12625,2,0.1841
26,-58,5,0.40024,8,0.14931,1,0.51217
-82,-53,2,0.22082,6,0.12625,2,0.11538
-34,-56,2,0.23902,8,0.14931,2,0.13644
10,-64,4,0.40632,8,0.14931,2,0.1925
-10,-58,5,0.37618,8,0.14931,2,0.33098
-58,-57,2,0.22082,6,0.12625,2,0.084239
-34,-55,3,0.30737,6,0.12625,2,0.12129
26,-57,5,0.39217,6,0.12625,2,0.13257
-82,-52,2,0.23902,8,0.14931,2,0.097649
-10,-57,5,0.36658,6,0.12625,2,0.22446
10,-63,4,0.39926,6,0.12625,2,0.13139
26,-56,5,0.38844,8,0.14931,2,0.18503
-58,-56,2,0.23902,8,0.14931,2,0.10369
-82,-51,2,0.22082,6,0.12625,2,0.090164
-34,-54,4,0.34797,8,0.14931,2,0.12175
-58,-55,2,0.22082,6,0.12625,2,0.12738
-10,-56,5,0.36462,8,0.13959,2,0.24724
26,-55,5,0.37984,6,0.12625,1,0.54815
-82,-50,2,0.23902,8,0.14931,2,0.094118
-34,-53,4,0.33785,6,0.12625,2,0.28192
10,-62,4,0.39697,8,0.14931,2,0.18354
26,-54,4,0.36462,8,0.14931,2,0.17487
-58,-54,2,0.23902,8,0.14931,2,0.10142
-82,-49,2,0.22082,6,0.12625,2,0.079817
-34,-52,4,0.33087,8,0.14931,2,0.24292
-10,-55,5,0.35446,7,0.12552,2,0.26179
-58,-53,2,0.22082,6,0.12625,2,0.1619
26,-53,4,0.35531,6,0.12625,2,0.26787
-82,-48,2,0.23902,8,0.14931,2,0.094891
10,-61,4,0.38913,6,0.12625,2,0.12182
-34,-51,4,0.31989,6,0.12625,2,0.21117
-10,-54,6,0.37461,11,0.16349,2,0.25182
-82,-47,2,0.22082,6,0.12625,2,0.12421
-34,-50,5,0.37735,8,0.14931,1,0.54086
26,-52,4,0.35348,9,0.14931,2,0.18353
-58,-52,2,0.23902,8,0.14931,2,0.1008
-10,-53,4,0.42466,12,0.16132,2,0.31156
10,-60,4,0.38694,8,0.14931,2,0.17057
-82,-46,2,0.23902,8,0.14931,2,0.098004
-34,-49,5,0.37826,6,0.12625,2,0.2508
26,-51,4,0.34362,7,0.12625,1,0.54278
-58,-51,2,0.22082,6,0.12625,2,0.15351
-10,-52,4,0.41449,5,0.53415,1,0.57103
-82,-45,2,0.22082,6,0.12625,2,0.17324
26,-50,9,0.4006,8,0.14169,1,0.55565
-34,-48,6,0.37184,8,0.14931,2,0.14571
10,-59,5,0.37826,6,0.12625,2,0.14348
26,-49,8,0.39741,7,0.12552,1,0.53654
-82,-44,2,0.23902,8,0.14931,2,0.13001
-58,-50,2,0.23902,8,0.14931,2,0.1346
-10,-51,4,0.412,5,0.52915,2,0.16202
-34,-47,6,0.36411,6,0.12625,2,0.27707
26,-48,7,0.38352,9,0.15273,1,0.55463
10,-58,5,0.37618,8,0.14931,2,0.1913
-82,-43,2,0.22082,6,0.12625,2,0.1347
-10,-50,3,0.3871,5,0.52734,2,0.20067
-58,-49,2,0.22082,6,0.12625,2,0.18692
-34,-46,5,0.36054,9,0.14794,2,0.24135
26,-47,7,0.3814,10,0.14204,1,0.54044
-10,-49,3,0.39127,5,0.5205,2,0.20771
-82,-42,2,0.23902,8,0.14931,2,0.1375
-58,-48,2,0.23902,8,0.14931,2,0.14742
-34,-45,7,0.36658,7,0.12552,2,0.19162
10,-57,5,0.36658,6,0.12625,2,0.20707
-10,-48,3,0.38317,5,0.52004,2,0.20889
-58,-47,2,0.22082,6,0.12625,2,0.20329
26,-46,8,0.38376,7,0.14041,2,0.16494
-82,-41,2,0.22082,6,0.12625,2,0.12627
-34,-44,6,0.35765,8,0.14448,2,0.2332
10,-56,5,0.36462,8,0.13959,2,0.22797
-82,-40,2,0.23902,8,0.14931,2,0.098361
-10,-47,3,0.38472,5,0.51395,2,0.136
-34,-43,6,0.35189,8,0.13636,2,0.47297
26,-45,6,0.41875,9,0.1452,2,0.33769
-58,-46,2,0.23902,8,0.14931,2,0.16007
-34,-42,6,0.34583,9,0.14379,2,0.28272
-82,-39,2,0.22082,6,0.12625,2,0.095628
-10,-46,4,0.39932,5,0.51439,2,0.16357
26,-44,5,0.40724,7,0.13674,1,0.53448
10,-55,5,0.35446,7,0.12552,1,0.57461
-34,-41,5,0.34605,8,0.13648,2,0.5987
-58,-45,2,0.22082,6,0.12625,2,0.15813
-82,-38,2,0.23902,8,0.14931,2,0.10507
-10,-45,3,0.37934,6,0.5,2,0.18503
-34,-40,6,0.35056,10,0.14541,1,0.55181
26,-43,5,0.39719,8,0.13595,1,0.55147
-82,-37,2,0.22082,6,0.12625,2,0.13315
-34,-39,5,0.34873,9,0.13549,2,0.41672
-58,-44,2,0.23902,8,0.14931,2,0.097297
-10,-44,3,0.37155,6,0.49775,2,0.20983
10,-54,6,0.37461,11,0.16349,2,0.66208
26,-42,6,0.39735,5,0.13105,2,0.41981
-34,-38,4,0.33423,10,0.14251,2,0.32275
-10,-43,3,0.37472,6,0.49132,2,0.17921
-82,-36,2,0.23902,8,0.14931,2,0.093948
-58,-43,2,0.22082,6,0.12625,2,0.16945
-10,-42,3,0.36674,9,0.45336,2,0.22427
26,-41,5,0.39402,5,0.12881,2,0.43292
-34,-37,4,0.32213,9,0.13171,2,0.38128
10,-53,4,0.42466,12,0.16132,2,0.48735
-82,-35,2,0.22082,6,0.12625,2,0.24539
26,-40,5,0.3908,5,0.51037,1,0.52936
-10,-41,4,0.3875,8,0.44523,2,0.19474
-34,-36,4,0.32577,11,0.14191,2,0.37555
-58,-42,2,0.23902,8,0.14931,2,0.12667
26,-39,5,0.39438,6,0.48285,1,0.50642
-82,-34,2,0.23902,8,0.14931,2,0.16515
-10,-40,4,0.38109,7,0.47702,2,0.20515
10,-52,4,0.41449,5,0.53415,2,0.26252
26,-38,4,0.38211,6,0.47975,1,0.50406
-34,-35,5,0.32703,13,0.14689,2,0.53078
-82,-33,2,0.22082,6,0.12625,1,0.53211
-58,-41,2,0.22082,6,0.12625,2,0.18519
-10,-39,4,0.37842,8,0.46878,2,0.22534
-34,-34,5,0.31863,12,0.14499,2,0.46387
26,-37,3,0.38217,9,0.47132,1,0.49717
-10,-38,4,0.37176,9,0.42741,1,0.55317
10,-51,4,0.412,5,0.52915,2,0.18072
-82,-32,2,0.23902,8,0.14931,2,0.13836
26,-36,3,0.38877,8,0.46861,2,0.56372
-34,-33,5,0.31883,11,0.13413,2,0.33827
-58,-40,2,0.23902,8,0.14931,2,0.16523
-10,-37,4,0.37315,9,0.41865,2,0.26771
10,-50,3,0.3871,5,0.52734,2,0.22588
-10,-36,4,0.36706,9,0.41468,1,0.55203
26,-35,4,0.38735,9,0.45919,1,0.5095
-34,-32,5,0.31,12,0.14595,2,0.18957
-82,-31,2,0.22082,6,0.12625,2,0.13364
-10,-35,4,0.36969,9,0.40651,2,0.20052
-58,-39,2,0.22082,6,0.12625,2,0.19449
10,-49,3,0.39127,5,0.5205,2,0.20149
26,-34,4,0.37034,9,0.45504,1,0.50775
-34,-31,4,0.29372,11,0.13504,2,0.21061
-10,-34,4,0.36648,9,0.40093,2,0.22053
-82,-30,2,0.23902,8,0.14931,2,0.13725
10,-48,3,0.38317,5,0.52004,2,0.15472
-34,-30,3,0.29993,12,0.1455,1,0.51583
26,-33,4,0.35971,10,0.44665,1,0.48871
-10,-33,4,0.3676,9,0.39242,2,0.26958
-58,-38,2,0.23902,8,0.14931,2,0.15162
26,-32,3,0.35762,9,0.44243,1,0.48132
-34,-29,3,0.28971,12,0.13967,2,0.38815
10,-47,3,0.38472,5,0.51395,2,0.21405
-10,-32,4,0.35957,9,0.38762,2,0.26076
-82,-29,2,0.22082,6,0.12625,2,0.11121
-34,-28,3,0.28807,13,0.15873,2,0.28435
10,-46,4,0.39932,5,0.51439,2,0.20425
26,-31,3,0.3506,9,0.43343,1,0.48107
-10,-31,4,0.36217,10,0.18223,2,0.24211
-58,-37,2,0.22082,6,0.12625,2,0.15606
-34,-27,4,0.29139,14,0.16105,2,0.32425
-82,-28,2,0.23902,8,0.14931,2,0.13499
26,-30,3,0.34723,7,0.42949,1,0.46564
10,-45,3,0.37934,6,0.5,2,0.19395
-10,-30,4,0.3572,16,0.19073,2,0.20796
-34,-26,4,0.2916,9,0.45504,2,0.17509
26,-29,2,0.30898,5,0.45769,2,0.48229
-10,-29,3,0.33516,13,0.17238,1,0.50053
-82,-27,2,0.22082,6,0.12625,2,0.15891
10,-44,3,0.37155,6,0.49775,2,0.24318
-58,-36,2,0.23902,8,0.14931,2,0.14698
-34,-25,3,0.27484,15,0.41161,2,0.27916
26,-28,2,0.3027,5,0.45568,1,0.44637
-10,-28,3,0.32965,18,0.18887,1,0.46318
10,-43,3,0.37472,6,0.49132,2,0.23619
-82,-26,2,0.23902,8,0.14931,2,0.17369
-58,-35,2,0.22082,6,0.12625,2,0.14681
-34,-24,4,0.27631,9,0.45208,2,0.26926
26,-27,3,0.33736,25,0.18362,2,0.32409
-10,-27,3,0.32183,19,0.19373,2,0.14607
10,-42,3,0.36674,9,0.45288,2,0.21494
-82,-25,2,0.22082,6,0.12625,2,0.12602
-34,-23,3,0.25892,21,0.18698,2,0.22313
-10,-26,3,0.31614,18,0.17379,2,0.16258
26,-26,2,0.3191,36,0.1906,2,0.35511
-58,-34,2,0.23902,8,0.14931,2,0.13357
10,-41,4,0.3875,8,0.44474,2,0.33522
-10,-25,3,0.30798,17,0.18025,1,0.23687
-34,-22,2,0.23946,8,0.42818,2,0.21617
26,-25,2,0.31218,37,0.20154,1,0.43813
-82,-24,2,0.23902,8,0.14931,2,0.078182
-10,-24,2,0.28075,13,0.16585,1,0.24318
-58,-33,2,0.22082,6,0.12625,2,0.18954
10,-40,4,0.38109,7,0.47654,2,0.18277
-34,-21,2,0.23169,40,0.23399,2,0.28759
26,-24,1,0.33714,5,0.4396,2,0.43052
-82,-23,2,0.22082,6,0.12625,2,0.20187
-10,-23,2,0.27337,18,0.17572,2,0.16958
-34,-20,3,0.21417,11,0.39786,2,0.28235
26,-23,1,0.33008,20,0.18044,2,0.32012
10,-39,4,0.37795,8,0.46828,2,0.23778
-58,-32,4,0.28292,8,0.14931,2,0.23852
-10,-22,2,0.25131,23,0.18866,2,0.17134
-34,-19,2,0.21917,38,0.29265,2,0.30008
-82,-22,2,0.23902,8,0.14931,2,0.1
26,-22,2,0.29789,18,0.17531,2,0.35273
10,-38,4,0.37128,9,0.4269,2,0.23408
-10,-21,2,0.2431,18,0.18008,1,0.20909
-34,-18,3,0.21754,9,0.40478,2,0.32137
-58,-31,4,0.28677,6,0.12625,2,0.23612
26,-21,1,0.32507,40,0.20455,2,0.29063
-82,-21,2,0.22082,6,0.12625,2,0.25041
-10,-20,1,0.28205,25,0.18838,1,0.20862
10,-37,4,0.37315,9,0.41812,1,0.5054
-34,-17,2,0.19657,30,0.28518,2,0.24625
26,-20,2,0.2695,35,0.19665,1,0.41068
-10,-19,1,0.27597,13,0.17274,1,0.22986
10,-36,4,0.36507,9,0.41414,2,0.83894
-34,-16,4,0.16161,8,0.36864,2,0.3491
-58,-30,6,0.30791,8,0.14931,2,0.20084
-82,-20,2,0.23902,8,0.14931,2,0.11439
-10,-18,1,0.27015,18,0.19388,1,0.25149
26,-19,1,0.30459,38,0.21002,2,0.28535
10,-35,4,0.36715,9,0.40596,1,0.51029
-34,-15,4,0.15588,29,0.30374,2,0.34727
-10,-17,1,0.26571,17,0.18076,1,0.21765
10,-34,4,0.36597,9,0.40037,1,0.50765
-58,-29,4,0.29818,6,0.12625,2,0.20233
26,-18,2,0.25741,16,0.18033,2,0.31399
-82,-19,2,0.22082,6,0.12625,2,0.17738
-34,-14,4,0.14795,11,0.35294,2,0.39472
10,-33,4,0.36708,9,0.39184,1,0.54232
-10,-16,1,0.26275,22,0.19729,1,0.2087
26,-17,2,0.24906,10,0.17549,2,0.30819
-58,-28,6,0.30444,8,0.14931,2,0.25581
-34,-13,3,0.14111,39,0.28808,2,0.60147
-10,-15,1,0.25814,18,0.1831,1,0.35178
10,-32,4,0.35904,9,0.38704,1,0.51821
-82,-18,2,0.23902,8,0.14931,2,0.10714
26,-16,2,0.23801,13,0.17576,2,0.18403
-34,-12,4,0.14632,11,0.33062,2,0.43342
-10,-14,1,0.21327,23,0.19914,1,0.32543
10,-31,4,0.36163,10,0.18149,1,0.52436
-82,-17,2,0.22082,6,0.12625,2,0.16466
-58,-27,4,0.29369,6,0.12625,2,0.22286
-34,-11,4,0.12343,34,0.35932,2,0.41045
-10,-13,1,0.20768,18,0.18192,1,0.18229
26,-15,2,0.25221,12,0.20018,2,0.30478
-10,-12,1,0.20411,22,0.19669,1,0.18182
10,-30,4,0.35666,16,0.19001,2,0.58395
-34,-10,4,0.13251,9,0.40037,2,0.35011
-82,-16,2,0.23902,8,0.14931,2,0.18197
26,-14,2,0.21804,14,0.15421,2,0.3647
-10,-11,1,0.20366,12,0.17952,1,0.19329
-58,-26,5,0.30382,8,0.14931,2,0.20928
10,-29,3,0.33456,13,0.17161,2,0.29472
-34,-9,3,0.11719,28,0.17216,2,0.24034
-10,-10,1,0.17632,34,0.2135,1,0.19035
26,-13,2,0.20863,20,0.19501,2,0.2242
-82,-15,2,0.22082,6,0.12625,2,0.15486
-58,-25,4,0.29537,6,0.12625,2,0.25532
-34,-8,4,0.12233,9,0.3936,2,0.26565
10,-28,3,0.32625,18,0.18813,1,0.4884
-10,-9,1,0.17165,24,0.17355,1,0.29562
-82,-14,2,0.23902,8,0.14931,2,0.14248
26,-12,2,0.19819,16,0.15034,2,0.26197
10,-27,3,0.31835,19,0.19298,2,0.18955
-10,-8,1,0.17853,15,0.1875,1,0.28348
-34,-7,3,0.096386,45,0.38434,2,0.28306
-82,-13,2,0.22082,6,0.12625,2,0.23671
26,-11,2,0.22407,14,0.14877,2,0.2323
-58,-24,5,0.30299,8,0.14931,2,0.22629
10,-26,3,0.31109,18,0.173,1,0.47914
-10,-7,1,0.15567,17,0.183,1,0.30447
26,-10,3,0.16219,18,0.173,1,0.36272
-34,-6,4,0.11417,9,0.39036,1,0.48691
-82,-12,3,0.30097,8,0.14931,2,0.24981
10,-25,3,0.30447,17,0.18025,1,0.41756
-10,-6,1,0.16492,14,0.1955,1,0.23717
-58,-23,4,0.29455,6,0.12625,2,0.28947
26,-9,3,0.16088,10,0.21037,2,0.23343
-34,-5,2,0.092929,40,0.37872,2,0.21467
-82,-11,3,0.28998,6,0.12625,2,0.23077
-10,-5,1,0.15007,39,0.20209,1,0.3046
10,-24,2,0.28075,13,0.16503,1,0.20611
-34,-4,3,0.10913,7,0.38086,1,0.48549
26,-8,3,0.16527,31,0.27311,1,0.30722
-58,-22,5,0.30583,8,0.14931,2,0.2531
-10,-4,1,0.1581,14,0.19336,1,0.33716
-82,-10,3,0.30973,8,0.14931,2,0.16115
-34,-3,3,0.092199,29,0.19091,1,0.47396
26,-7,2,0.1957,13,0.14585,1,0.26984
10,-23,2,0.27337,18,0.1749,1,0.48443
-10,-3,1,0.14913,30,0.19435,1,0.28264
26,-6,3,0.14973,19,0.18679,2,0.25046
-34,-2,3,0.10657,8,0.38403,2,0.22584
10,-22,2,0.25131,23,0.18787,1,0.20046
-58,-21,4,0.29654,6,0.12625,2,0.26127
-10,-2,1,0.15588,13,0.2075,1,0.2394
-82,-9,3,0.30068,6,0.12625,2,0.16758
10,-21,2,0.2431,18,0.18008,1,0.2037
26,-5,2,0.13063,31,0.16862,1,0.30701
-34,-1,3,0.091278,37,0.21906,2,0.21759
-10,-1,1,0.15047,31,0.20048,1,0.25072
10,-20,1,0.28205,25,0.18838,1,0.18706
26,-4,3,0.14471,24,0.17483,2,0.19745
-82,-8,3,0.31878,8,0.14931,2,0.28571
-58,-20,5,0.31069,8,0.14931,2,0.24203
-10,0,1,0.1572,12,0.20657,1,0.21785
-34,0,3,0.10479,7,0.37716,2,0.18947
10,-19,1,0.27597,13,0.17188,1,0.17946
-10,1,1,0.15047,31,0.20048,1,0.19948
26,-3,2,0.09292,27,0.16634,2,0.16494
10,-18,1,0.27015,18,0.19305,1,0.23536
-34,1,3,0.092199,37,0.21766,2,0.17517
-82,-7,3,0.31208,6,0.12625,2,0.07989
-58,-19,4,0.29678,6,0.12625,2,0.21411
-10,2,1,0.15588,13,0.2075,1,0.25784
10,-17,1,0.26571,17,0.17989,1,0.21978
-34,2,3,0.10657,8,0.38403,2,0.26198
26,-2,3,0.10954,24,0.18052,2,0.24288
-10,3,1,0.15405,30,0.19435,1,0.24788
-82,-6,3,0.32999,8,0.14931,2,0.092692
10,-16,1,0.26275,22,0.19645,1,0.21734
26,-1,2,0.092018,30,0.18875,2,0.21174
-10,4,1,0.1581,14,0.1924,1,0.24648
-34,3,3,0.094949,29,0.19182,2,0.2387
-58,-18,4,0.28477,8,0.14931,2,0.2042
10,-15,1,0.25814,18,0.1831,1,0.23822
-10,5,1,0.16227,39,0.20209,1,0.19526
26,0,3,0.10566,19,0.17912,1,0.28078
-82,-5,3,0.31106,6,0.12625,2,0.091244
-34,4,3,0.10913,7,0.38086,1,0.44648
10,-14,1,0.21327,23,0.19914,1,0.24559
-10,6,1,0.16492,14,0.19454,1,0.18949
-58,-17,4,0.27699,6,0.12625,2,0.26891
26,1,2,0.094027,30,0.18952,1,0.29989
10,-13,1,0.20768,18,0.18101,1,0.25296
-34,5,2,0.097487,40,0.37816,2,0.15916
-10,7,1,0.17731,17,0.18203,1,0.17744
-82,-4,3,0.32903,8,0.14931,2,0.098093
10,-12,1,0.20411,22,0.1958,1,0.24242
26,2,3,0.10954,24,0.18052,1,0.34375
-34,6,4,0.11417,9,0.39036,2,0.61676
-10,8,1,0.17853,15,0.18656,1,0.18291
10,-11,1,0.20366,12,0.17857,1,0.25886
-58,-16,4,0.27709,8,0.14931,2,0.26973
-34,7,3,0.10259,45,0.38434,2,0.19842
10,-10,1,0.17866,34,0.2135,1,0.23967
26,3,2,0.095921,27,0.16634,2,0.27435
-82,-3,3,0.31055,6,0.12625,2,0.080481
-10,9,1,0.17165,24,0.17355,1,0.16112
10,-9,1,0.17403,24,0.17355,1,0.20839
26,4,3,0.14471,24,0.17483,2,0.21601
-34,8,4,0.12233,9,0.3936,2,0.83881
-10,10,1,0.17632,34,0.2135,1,0.20361
-58,-15,4,0.25,6,0.12625,2,0.32808
10,-8,1,0.18088,15,0.1875,1,0.17503
-82,-2,3,0.32855,8,0.14931,2,0.16681
-10,11,1,0.20366,12,0.18046,1,0.17715
26,5,2,0.13537,31,0.1678,2,0.16736
-34,9,3,0.12488,28,0.17064,2,0.20441
10,-7,1,0.1581,17,0.183,1,0.23983
-10,12,1,0.20411,22,0.19669,1,0.17179
26,6,3,0.1672,19,0.18602,2,0.19211
-58,-14,4,0.2675,8,0.14931,2,0.24689
10,-6,1,0.16732,14,0.1955,1,0.24407
-34,10,4,0.13251,9,0.40037,2,0.33015
-82,-1,3,0.31004,6,0.12625,2,0.11866
-10,13,1,0.24146,18,0.18283,1,0.2005
10,-5,1,0.15252,39,0.20209,1,0.23762
26,7,2,0.20214,13,0.145,2,0.24365
-58,-13,4,0.22112,6,0.12625,2,0.34266
10,-4,1,0.16053,14,0.19336,1,0.21678
-34,11,4,0.13056,34,0.35977,2,0.25162
-10,14,1,0.24242,23,0.19914,1,0.19875
10,-3,1,0.1516,30,0.19435,1,0.26496
-34,12,4,0.14632,11,0.33007,2,0.36302
-82,0,3,0.32807,8,0.14931,2,0.10584
26,8,3,0.16527,31,0.2725,2,0.22083
-58,-12,5,0.2452,8,0.14931,2,0.30342
-10,15,1,0.25814,18,0.1831,1,0.19407
10,-2,1,0.15831,13,0.2075,1,0.25318
26,9,3,0.15921,10,0.20956,1,0.25293
-34,13,3,0.13886,39,0.28808,2,0.33432
-10,16,1,0.26275,22,0.19812,1,0.19584
10,-1,1,0.15293,31,0.20048,1,0.24496
26,10,3,0.1959,18,0.17222,2,0.2875
-34,14,4,0.14795,11,0.35241,2,0.31711
-82,1,3,0.31055,6,0.12625,2,0.10367
-10,17,1,0.26571,17,0.18163,1,0.16727
-58,-11,4,0.21692,6,0.12625,2,0.31369
10,0,1,0.15963,12,0.20657,1,0.21127
26,11,2,0.22407,14,0.14877,1,0.24558
-34,15,4,0.15771,29,0.30374,2,0.30487
-10,18,1,0.27015,18,0.1947,1,0.17218
-82,2,3,0.32855,8,0.14931,2,0.10018
-34,16,4,0.16161,8,0.36811,2,0.35014
10,1,1,0.15293,31,0.20048,1,0.22734
26,12,2,0.19819,16,0.15034,1,0.32239
-10,19,1,0.27597,13,0.1736,1,0.19585
-58,-10,5,0.24015,8,0.14931,2,0.2285
10,2,1,0.15831,13,0.2075,1,0.2139
-10,20,1,0.28205,25,0.18838,1,0.27669
26,13,2,0.20863,20,0.19501,2,0.20226
-34,17,2,0.19657,30,0.28518,2,0.27974
-82,3,3,0.31106,6,0.12625,2,0.085557
10,3,1,0.1565,30,0.19435,1,0.22507
-10,21,2,0.2431,18,0.18008,1,0.31157
-34,18,3,0.21754,9,0.40426,2,0.34761
26,14,2,0.22507,14,0.15421,2,0.11838
10,4,1,0.16053,14,0.19336,1,0.23055
-58,-9,4,0.2139,6,0.12625,2,0.18777
-10,22,2,0.25131,23,0.18787,1,0.30617
-34,19,2,0.21159,38,0.29161,2,0.29509
-82,4,3,0.32903,8,0.14931,2,0.093357
26,15,2,0.25221,12,0.20018,2,0.21727
-10,23,2,0.27337,18,0.17572,1,0.33809
10,5,1,0.16469,39,0.20209,1,0.24148
-34,20,3,0.21417,11,0.39732,2,0.30422
-10,24,2,0.28075,13,0.16503,1,0.32198
-34,21,2,0.23169,40,0.23339,2,0.39081
10,6,1,0.16732,14,0.19454,1,0.18897
26,16,2,0.23801,13,0.175,1,0.2894
-58,-8,5,0.23617,8,0.14931,2,0.19626
-82,5,3,0.31208,6,0.12625,2,0.097222
-10,25,3,0.30798,17,0.18025,1,0.30204
-34,22,2,0.23946,8,0.42675,1,0.40755
10,7,1,0.17969,17,0.18203,1,0.18472
-10,26,3,0.31614,18,0.173,1,0.33204
26,17,2,0.24906,10,0.17472,1,0.28295
-34,23,3,0.25267,21,0.1863,2,0.37508
-82,6,3,0.32999,8,0.14931,2,0.09446
-10,27,3,0.32183,19,0.19447,1,0.32715
10,8,1,0.18088,15,0.18656,1,0.20187
-58,-7,4,0.21146,6,0.12625,2,0.26447
-34,24,4,0.27631,9,0.45158,2,0.33241
26,18,2,0.26063,16,0.17958,2,0.22819
-10,28,3,0.32965,18,0.18887,2,0.26774
10,9,1,0.17403,24,0.17355,1,0.1908
-34,25,3,0.27054,15,0.41057,2,0.29939
-82,7,3,0.31259,6,0.12625,2,0.080258
-10,29,3,0.33516,13,0.17391,2,0.29651
26,19,1,0.30459,38,0.21002,2,0.23871
-34,26,4,0.2916,9,0.45504,2,0.44403
10,10,1,0.17866,34,0.2135,1,0.17891
-58,-6,5,0.23331,8,0.14931,2,0.19191
-10,30,4,0.3572,16,0.19145,1,0.35047
26,20,2,0.2695,35,0.19594,2,0.28832
-10,31,4,0.36217,10,0.18296,2,0.36158
-82,8,3,0.31878,8,0.14931,2,0.093441
26,21,1,0.32507,40,0.20385,2,0.30575
10,11,1,0.20366,12,0.17952,1,0.18205
-34,27,4,0.28721,14,0.16034,2,0.35079
26,22,2,0.28858,18,0.17457,1,0.31883
-58,-5,4,0.21024,6,0.12625,2,0.23475
-10,32,4,0.35957,9,0.38762,2,0.2555
10,12,1,0.20411,22,0.1958,1,0.16947
-34,28,3,0.287,13,0.15873,2,0.29331
26,23,1,0.33008,20,0.18044,2,0.32382
-82,9,3,0.30226,6,0.12625,2,0.13734
10,13,1,0.24146,18,0.18283,1,0.16815
-10,33,4,0.3676,9,0.39242,2,0.23443
26,24,1,0.33714,5,0.4396,2,0.35
-34,29,3,0.27782,12,0.13894,2,0.29632
-58,-4,5,0.23158,8,0.14931,2,0.2396
10,14,1,0.24242,23,0.19914,1,0.20522
-34,30,3,0.29993,12,0.14478,2,0.21554
-10,34,4,0.36648,9,0.40093,2,0.25248
-82,10,3,0.30973,8,0.14931,2,0.18776
26,25,2,0.31218,37,0.20085,2,0.29483
10,15,1,0.25814,18,0.18398,1,0.17375
-34,31,4,0.28209,11,0.13504,1,0.47239
26,26,2,0.3191,36,0.18991,2,0.45915
-58,-3,4,0.20963,6,0.12625,2,0.21758
-10,35,4,0.36969,9,0.40651,1,0.44138
-34,32,5,0.31,12,0.14595,1,0.4914
10,16,1,0.26275,22,0.19729,1,0.19952
-82,11,3,0.29214,6,0.12625,2,0.13976
26,27,3,0.33736,25,0.18362,1,0.37416
10,17,1,0.26571,17,0.18076,1,0.22249
-10,36,4,0.36706,9,0.41468,1,0.43474
-34,33,5,0.31108,11,0.13339,2,0.38232
-58,-2,5,0.23042,8,0.14931,2,0.18444
10,18,1,0.27015,18,0.19388,1,0.24253
26,28,2,0.3027,5,0.45717,2,0.31991
-34,34,5,0.29309,12,0.14428,2,0.38152
-10,37,4,0.37315,9,0.41865,1,0.43638
-82,12,3,0.30097,8,0.14931,2,0.2075
10,19,1,0.27597,13,0.17274,1,0.20447
26,29,2,0.30898,5,0.45917,2,0.28239
-10,38,4,0.37176,9,0.42741,1,0.44434
10,20,1,0.28205,25,0.18838,1,0.25597
-34,35,5,0.31608,13,0.14618,2,0.47928
-58,-1,4,0.20901,6,0.12625,2,0.27597
-82,13,2,0.22082,6,0.12625,2,0.31969
10,21,2,0.2431,18,0.18008,1,0.20922
-10,39,4,0.37842,8,0.46828,1,0.4454
26,30,3,0.34723,7,0.42949,1,0.40883
-34,36,4,0.32577,11,0.14191,2,0.37763
-82,14,2,0.23902,8,0.14931,2,0.094804
-10,40,4,0.38109,7,0.47654,1,0.45183
10,22,2,0.25131,23,0.18707,1,0.37341
26,31,3,0.3506,9,0.43343,2,0.39744
-34,37,4,0.31454,9,0.13171,2,0.42762
-82,15,2,0.22082,6,0.12625,2,0.24904
-10,41,4,0.3875,8,0.44523,2,0.2413
-58,0,5,0.22984,8,0.14931,2,0.21333
10,23,2,0.27337,18,0.17572,1,0.35613
26,32,3,0.34944,9,0.44243,1,0.4668
-10,42,3,0.36674,9,0.45336,2,0.21818
-34,38,4,0.33153,10,0.14251,2,0.33378
-82,16,2,0.23902,8,0.14931,2,0.099548
10,24,2,0.28075,13,0.16503,1,0.35144
26,33,4,0.35673,10,0.44665,2,0.41965
-10,43,3,0.37472,6,0.49132,2,0.21048
-34,39,5,0.34044,9,0.13549,2,0.32716
-82,17,2,0.22082,6,0.12625,2,0.15233
10,25,3,0.30447,17,0.18025,2,0.51094
26,34,4,0.37034,9,0.45504,1,0.46351
-10,44,3,0.37155,6,0.49775,2,0.29438
-58,1,4,0.20963,6,0.12625,2,0.17001
-34,40,6,0.35056,10,0.14541,2,0.3694
10,26,3,0.31109,18,0.173,2,0.17304
26,35,4,0.38735,9,0.45919,1,0.47222
-82,18,2,0.23902,8,0.14931,2,0.19484
-34,41,5,0.33953,8,0.13576,1,0.522
26,36,3,0.37527,8,0.46908,1,0.47043
10,27,3,0.31835,19,0.19373,2,0.19001
-10,45,3,0.37934,6,0.5,2,0.21761
26,37,3,0.38217,9,0.47178,1,0.48357
-34,42,6,0.34583,9,0.14379,1,0.53195
-58,2,5,0.23042,8,0.14931,2,0.18946
-82,19,2,0.22082,6,0.12625,2,0.25079
10,28,3,0.32625,18,0.18813,2,0.29146
-10,46,4,0.39932,5,0.51439,2,0.24724
26,38,4,0.38211,6,0.47975,2,0.26869
10,29,3,0.33456,13,0.17315,2,0.26643
-34,43,6,0.34583,8,0.13636,2,0.36381
-58,3,4,0.21024,6,0.12625,2,0.18041
-82,20,2,0.23902,8,0.14931,2,0.13978
26,39,5,0.39438,6,0.48285,1,0.48837
10,30,4,0.35666,16,0.19073,2,0.24087
-10,47,3,0.38472,5,0.51395,2,0.32842
-34,44,6,0.35765,8,0.14448,2,0.30499
10,31,4,0.36163,10,0.18223,2,0.32921
26,40,5,0.3908,5,0.51037,1,0.50372
-10,48,3,0.38317,5,0.52004,2,0.17553
-82,21,2,0.22082,6,0.12625,2,0.19787
-58,4,5,0.23158,8,0.14931,2,0.17096
10,32,4,0.35904,9,0.3882,2,0.49007
-34,45,7,0.36054,7,0.12552,2,0.30544
26,41,5,0.39402,5,0.12881,1,0.5028
-10,49,3,0.39127,5,0.5205,1,0.55777
10,33,4,0.36708,9,0.39299,1,0.41843
-58,5,4,0.21146,6,0.12625,2,0.18621
-82,22,2,0.23902,8,0.14931,2,0.13523
-34,46,5,0.36054,9,0.14794,2,0.21777
26,42,6,0.39735,5,0.13105,1,0.51028
-10,50,3,0.3871,5,0.52734,2,0.335
10,34,4,0.36597,9,0.40149,1,0.43215
-34,47,6,0.35806,6,0.12625,2,0.19554
-82,23,2,0.22082,6,0.12625,2,0.25854
26,43,5,0.40555,8,0.13595,2,0.1331
-58,6,5,0.23331,8,0.14931,2,0.24188
10,35,4,0.36715,9,0.40706,1,0.43288
-34,48,6,0.37184,8,0.14931,2,0.18382
26,44,5,0.40724,7,0.13674,2,0.13281
-10,51,4,0.412,5,0.52915,2,0.19864
-82,24,2,0.23902,8,0.14931,2,0.15179
-58,7,4,0.2139,6,0.12625,2,0.20804
10,36,4,0.36507,9,0.41522,1,0.45072
26,45,6,0.41875,9,0.1452,2,0.21505
-34,49,5,0.37184,6,0.12625,2,0.18136
-10,52,4,0.41449,5,0.53415,2,0.22624
-82,25,2,0.22082,6,0.12625,2,0.18359
10,37,4,0.37315,9,0.41918,1,0.44544
26,46,8,0.38376,7,0.14041,2,0.31959
-34,50,5,0.37735,8,0.14931,2,0.28783
-58,8,5,0.23617,8,0.14931,2,0.1875
-82,26,2,0.23902,8,0.14931,2,0.21587
-10,53,4,0.42466,12,0.16199,2,0.21235
10,38,4,0.37128,9,0.42793,1,0.48705
26,47,7,0.37539,10,0.14204,1,0.53012
-34,51,4,0.31189,6,0.12625,1,0.54579
10,39,4,0.37795,8,0.46878,1,0.47141
-10,54,6,0.37461,11,0.16349,2,0.19967
-82,27,2,0.22082,6,0.12625,2,0.15842
-58,9,4,0.21692,6,0.12625,2,0.34194
10,40,4,0.38109,7,0.47702,1,0.47685
-34,52,4,0.33087,8,0.14931,1,0.5386
26,48,7,0.38352,9,0.15273,2,0.13102
-10,55,5,0.3484,7,0.12552,2,0.21318
-82,28,2,0.23902,8,0.14931,2,0.13689
10,41,4,0.3875,8,0.44572,2,0.18293
-34,53,4,0.33042,6,0.12625,1,0.54478
26,49,8,0.38882,7,0.12552,1,0.53309
-58,10,5,0.24015,8,0.14931,2,0.20837
-10,56,5,0.36462,8,0.13959,2,0.2504
-82,29,2,0.22082,6,0.12625,2,0.14948
10,42,3,0.36674,9,0.45383,2,0.2158
-34,54,4,0.34797,8,0.14931,2,0.13562
26,50,9,0.4006,8,0.14169,1,0.5386
-82,30,2,0.23902,8,0.14931,2,0.13933
-10,57,5,0.36054,6,0.12625,2,0.23028
-58,11,4,0.22112,6,0.12625,2,0.25041
10,43,3,0.37472,6,0.49132,1,0.48591
-34,55,3,0.2988,6,0.12625,2,0.14049
26,51,4,0.33667,7,0.12625,1,0.52968
-10,58,5,0.37618,8,0.14931,2,0.17707
-82,31,2,0.22082,6,0.12625,2,0.12981
10,44,3,0.37155,6,0.49775,2,0.24962
-58,12,5,0.2452,8,0.14931,2,0.1477
10,45,3,0.37934,6,0.5,1,0.51834
26,52,4,0.35348,9,0.14931,1,0.53776
-34,56,2,0.23902,8,0.14931,2,0.12721
-10,59,5,0.37184,6,0.12625,2,0.16437
-82,32,2,0.23902,8,0.14931,2,0.16539
10,46,4,0.39932,5,0.51439,1,0.52997
-58,13,4,0.22035,6,0.12625,2,0.26094
-10,60,4,0.38694,8,0.14931,2,0.22231
-34,57,2,0.22082,6,0.12625,2,0.10759
26,53,4,0.3484,6,0.12625,1,0.52871
-82,33,2,0.22082,6,0.12625,2,0.16087
10,47,3,0.38472,5,0.51395,2,0.24127
-34,58,2,0.23902,8,0.14931,2,0.10404
10,48,3,0.38317,5,0.52004,2,0.16878
-58,14,4,0.2675,8,0.14931,2,0.22394
-82,34,2,0.23902,8,0.14931,2,0.12226
26,54,4,0.36462,8,0.14931,1,0.53497
-10,61,4,0.38237,6,0.12625,2,0.21468
10,49,3,0.39127,5,0.5205,1,0.52686
-82,35,2,0.22082,6,0.12625,2,0.12295
-34,59,2,0.22082,6,0.12625,2,0.13328
-58,15,4,0.24849,6,0.12625,2,0.23267
26,55,5,0.37343,6,0.12625,2,0.24037
10,50,3,0.3871,5,0.52734,2,0.18525
-10,62,4,0.39697,8,0.14931,2,0.17667
-82,36,2,0.23902,8,0.14931,2,0.15439
10,51,4,0.412,5,0.52915,2,0.2107
26,56,5,0.38844,8,0.14931,2,0.19228
-34,60,2,0.23902,8,0.14931,1,0.53958
-58,16,4,0.27709,8,0.14931,2,0.23539
-82,37,2,0.22082,6,0.12625,2,0.14995
-10,63,4,0.39218,6,0.12625,2,0.12829
10,52,4,0.41449,5,0.53415,2,0.14212
26,57,5,0.3858,6,0.12625,1,0.54194
-82,38,2,0.23902,8,0.14931,2,0.11273
-34,61,2,0.22082,6,0.12625,1,0.53382
-58,17,4,0.27625,6,0.12625,2,0.28155
-10,64,4,0.40632,8,0.14931,2,0.14996
-82,39,2,0.22082,6,0.12625,2,0.11634
10,53,4,0.42466,12,0.16132,2,0.19833
-34,62,2,0.23902,8,0.14931,1,0.53714
26,58,5,0.40024,8,0.14931,2,0.14109
-10,65,4,0.40096,6,0.12625,2,0.14733
-58,18,4,0.28477,8,0.14931,2,0.23047
-82,40,2,0.23902,8,0.14931,2,0.13711
26,59,4,0.37929,6,0.12625,1,0.53114
10,54,6,0.37461,11,0.16349,2,0.2349
-34,63,2,0.22082,6,0.12625,2,0.14545
-10,66,4,0.41471,8,0.14931,2,0.11419
-58,19,4,0.29459,6,0.12625,2,0.29941
-82,41,2,0.22082,6,0.12625,2,0.11823
10,55,5,0.3484,7,0.12552,2,0.21998
-34,64,2,0.23902,8,0.14931,2,0.14518
26,60,4,0.38769,8,0.14931,1,0.53448
-58,20,5,0.31069,8,0.14931,2,0.20159
-10,67,4,0.41055,6,0.12625,2,0.22824
-82,42,2,0.23902,8,0.14931,2,0.099001
26,61,5,0.39403,6,0.12625,1,0.53114
-34,65,2,0.22082,6,0.12625,2,0.12798
10,56,5,0.36462,8,0.13959,2,0.18894
-58,21,4,0.28824,6,0.12625,2,0.22359
-82,43,2,0.22082,6,0.12625,2,0.10619
-10,68,4,0.41745,8,0.14931,2,0.20852
26,62,5,0.41089,8,0.14931,1,0.53545
-34,66,2,0.23902,8,0.14931,2,0.1486
10,57,5,0.36054,6,0.12625,2,0.24545
-58,22,5,0.30583,8,0.14931,2,0.23239
-82,44,2,0.23902,8,0.14931,2,0.11517
-10,69,4,0.41124,6,0.12625,2,0.1344
-34,67,2,0.22082,6,0.12625,2,0.14083
26,63,5,0.39587,6,0.12625,1,0.52968
10,58,5,0.37618,8,0.14931,2,0.18745
-58,23,4,0.28729,6,0.12625,2,0.24023
-82,45,2,0.22082,6,0.12625,2,0.13978
-10,70,5,0.44007,8,0.14931,2,0.14545
-34,68,2,0.23902,8,0.14931,2,0.14873
26,64,4,0.35404,8,0.14931,1,0.53594
10,59,5,0.37184,6,0.12625,2,0.16092
-82,46,2,0.23902,8,0.14931,2,0.096601
-58,24,5,0.30299,8,0.14931,2,0.21507
-10,71,4,0.42185,6,0.12625,2,0.10036
-34,69,2,0.22082,6,0.12625,2,0.16058
10,60,4,0.38694,8,0.14931,2,0.15597
26,65,4,0.32607,6,0.12625,1,0.55204
-82,47,2,0.22082,6,0.12625,2,0.12569
-58,25,4,0.28843,6,0.12625,2,0.26482
-10,72,3,0.39535,8,0.14931,2,0.13379
-34,70,2,0.23902,8,0.14931,1,0.55275
-82,48,2,0.23902,8,0.14931,2,0.094374
10,61,4,0.38237,6,0.12625,2,0.11983
26,66,3,0.32999,8,0.14931,2,0.12061
-58,26,5,0.30382,8,0.14931,2,0.21833
-10,73,3,0.38502,6,0.12625,2,0.15195
-82,49,2,0.22082,6,0.12625,2,0.11759
-34,71,2,0.22082,6,0.12625,1,0.54399
26,67,3,0.31664,6,0.12625,1,0.53591
10,62,4,0.39697,8,0.14931,2,0.1599
-82,50,2,0.23902,8,0.14931,2,0.093609
-34,72,2,0.23902,8,0.14931,1,0.55066
-10,74,3,0.39535,8,0.14931,2,0.15025
-58,27,4,0.28582,6,0.12625,2,0.21739
26,68,3,0.32999,8,0.14931,2,0.10906
-82,51,2,0.22082,6,0.12625,2,0.08011
10,63,4,0.39218,6,0.12625,2,0.18236
-34,73,2,0.22082,6,0.12625,2,0.16736
-10,75,3,0.38502,6,0.12625,2,0.16487
-58,28,6,0.30444,8,0.14931,2,0.17863
26,69,2,0.22082,6,0.12625,2,0.11989
-34,74,2,0.23902,8,0.14931,2,0.15306
-82,52,2,0.23902,8,0.14931,2,0.095495
10,64,4,0.40632,8,0.14931,2,0.22866
-10,76,3,0.38421,8,0.14931,2,0.17803
26,70,2,0.23902,8,0.14931,1,0.53497
-34,75,2,0.22082,6,0.12625,2,0.15307
-58,29,4,0.29109,6,0.12625,2,0.16281
-82,53,2,0.22082,6,0.12625,2,0.095707
-10,77,3,0.3734,6,0.12625,2,0.16097
26,71,2,0.22082,6,0.12625,1,0.53394
10,65,4,0.40096,6,0.12625,2,0.17707
-34,76,2,0.23902,8,0.14931,2,0.13729
26,72,2,0.23902,8,0.14931,1,0.54091
-82,54,2,0.23902,8,0.14931,2,0.094118
-58,30,6,0.30791,8,0.14931,2,0.19064
-10,78,4,0.39691,8,0.14931,2,0.16092
10,66,4,0.41471,8,0.14931,2,0.19773
-34,77,2,0.22082,6,0.12625,2,0.10858
-82,55,2,0.22082,6,0.12625,2,0.11877
26,73,2,0.22082,6,0.12625,2,0.12861
-10,79,3,0.38133,6,0.12625,2,0.17061
-34,78,2,0.23902,8,0.14931,2,0.16323
-58,31,4,0.27888,6,0.12625,2,0.21404
-82,56,2,0.23902,8,0.14931,2,0.099822
26,74,2,0.23902,8,0.14931,2,0.10369
10,67,4,0.41055,6,0.12625,2,0.22634
-34,79,2,0.22082,6,0.12625,2,0.14174
-10,80,3,0.37972,8,0.14931,2,0.15947
-58,32,4,0.28292,8,0.14931,2,0.19031
-82,57,2,0.22082,6,0.12625,2,0.11668
-34,80,2,0.23902,8,0.14931,2,0.17747
26,75,2,0.22082,6,0.12625,2,0.11386
-82,58,2,0.23902,8,0.14931,2,0.094288
-10,81,3,0.36871,6,0.12625,2,0.15287
10,68,4,0.41745,8,0.14931,2,0.14808
-58,33,2,0.22082,6,0.12625,2,0.19044
-82,59,2,0.22082,6,0.12625,2,0.11844
26,76,2,0.23902,8,0.14931,2,0.15091
-34,81,2,0.22082,6,0.12625,1,0.58244
-10,82,3,0.36499,8,0.14931,2,0.12281
10,69,4,0.41124,6,0.12625,2,0.19292
26,77,2,0.22082,6,0.12625,1,0.53016
-82,60,2,0.23902,8,0.14931,2,0.093107
-34,82,2,0.23902,8,0.14931,1,0.57381
-58,34,2,0.23902,8,0.14931,2,0.16786
10,70,5,0.43975,8,0.14931,2,0.14973
-10,83,2,0.22082,6,0.12625,2,0.12301
26,78,2,0.23902,8,0.14931,2,0.079782
-82,61,2,0.22082,6,0.12625,2,0.076357
-34,83,2,0.22082,6,0.12625,1,0.53676
-10,84,2,0.23902,8,0.14931,2,0.12212
26,79,2,0.22082,6,0.12625,2,0.13628
-58,35,2,0.22082,6,0.12625,2,0.18474
10,71,4,0.42185,6,0.12625,2,0.1458
-82,62,2,0.23902,8,0.14931,2,0.094086
-10,85,2,0.22082,6,0.12625,2,0.089858
-34,84,2,0.23902,8,0.14931,2,0.13356
26,80,2,0.23902,8,0.14931,2,0.15058
-58,36,2,0.23902,8,0.14931,2,0.094033
-10,86,2,0.23902,8,0.14931,2,0.10035
10,72,3,0.39535,8,0.14931,2,0.157
26,81,2,0.22082,6,0.12625,1,0.54296
-34,85,2,0.22082,6,0.12625,2,0.084095
-82,63,2,0.22082,6,0.12625,2,0.077626
-10,87,2,0.22082,6,0.12625,2,0.07852
26,82,2,0.23902,8,0.14931,1,0.55495
-58,37,2,0.22082,6,0.12625,2,0.16607
-34,86,2,0.23902,8,0.14931,2,0.063291
-82,64,2,0.23902,8,0.14931,2,0.10702
10,73,3,0.38502,6,0.12625,2,0.10717
26,83,2,0.22082,6,0.12625,1,0.53162
-10,88,2,0.23902,8,0.14931,2,0.091308
-34,87,2,0.22082,6,0.12625,2,0.1103
-82,65,2,0.22082,6,0.12625,2,0.11834
26,84,2,0.23902,8,0.14931,2,0.096429
-58,38,2,0.23902,8,0.14931,2,0.15633
10,74,3,0.39535,8,0.14931,2,0.11091
-10,89,2,0.22082,6,0.12625,2,0.094107
-34,88,2,0.23902,8,0.14931,2,0.11563
26,85,2,0.22082,6,0.12625,2,0.083558
-82,66,2,0.23902,8,0.14931,2,0.13434
-58,39,2,0.22082,6,0.12625,2,0.13292
-10,90,2,0.23902,8,0.14931,2,0.12795
-34,89,2,0.22082,6,0.12625,2,0.10174
10,75,3,0.38502,6,0.12625,2,0.097846
-82,67,2,0.22082,6,0.12625,2,0.11302
26,86,2,0.23902,8,0.14931,2,0.14105
-34,90,2,0.23902,8,0.14931,2,0.13109
-10,91,2,0.22082,6,0.12625,2,0.094107
-58,40,2,0.23902,8,0.14931,2,0.1578
10,76,3,0.38421,8,0.14931,2,0.12132
-82,68,2,0.23902,8,0.14931,2,0.093778
26,87,2,0.22082,6,0.12625,1,0.54128
-34,91,2,0.22082,6,0.12625,1,0.53555
-10,92,2,0.23902,8,0.14931,2,0.092334
10,77,3,0.3734,6,0.12625,2,0.15212
26,88,2,0.23902,8,0.14931,2,0.088608
-82,69,2,0.22082,6,0.12625,2,0.11802
-58,41,2,0.22082,6,0.12625,2,0.12946
-34,92,2,0.23902,8,0.14931,1,0.54438
-10,93,2,0.22082,6,0.12625,2,0.078027
-82,70,2,0.23902,8,0.14931,2,0.093023
26,89,2,0.22082,6,0.12625,2,0.13815
-34,93,2,0.22082,6,0.12625,1,0.53641
10,78,4,0.39691,8,0.14931,2,0.12603
-58,42,2,0.23902,8,0.14931,2,0.1353
-10,94,2,0.23902,8,0.14931,2,0.10825
-82,71,2,0.22082,6,0.12625,2,0.078053
26,90,2,0.23902,8,0.14931,2,0.13689
-34,94,2,0.23902,8,0.14931,2,0.13167
10,79,3,0.38133,6,0.12625,2,0.12155
-10,95,2,0.22082,6,0.12625,2,0.082962
-82,72,2,0.23902,8,0.14931,2,0.094804
26,91,2,0.22082,6,0.12625,1,0.55647
-34,95,2,0.22082,6,0.12625,2,0.085973
10,80,3,0.37972,8,0.14931,2,0.12467
-58,43,2,0.22082,6,0.12625,2,0.14421
-10,96,2,0.23902,8,0.14931,2,0.09913
-82,73,2,0.22082,6,0.12625,2,0.081204
-34,96,2,0.23902,8,0.14931,2,0.070909
26,92,2,0.23902,8,0.14931,1,0.53727
10,81,3,0.36871,6,0.12625,2,0.10502
-10,97,2,0.22082,6,0.12625,2,0.07938
-82,74,2,0.23902,8,0.14931,2,0.094977
-58,44,2,0.23902,8,0.14931,2,0.13824
26,93,2,0.22082,6,0.12625,1,0.53394
-34,97,2,0.22082,6,0.12625,2,0.11974
10,82,3,0.36499,8,0.14931,2,0.10179
-82,75,2,0.22082,6,0.12625,2,0.11887
-10,98,2,0.23902,8,0.14931,2,0.092692
26,94,2,0.23902,8,0.14931,2,0.094982
-34,98,2,0.23902,8,0.14931,2,0.096014
10,83,2,0.22082,6,0.12625,2,0.075949
-10,99,2,0.22082,6,0.12625,2,0.075318
-82,76,2,0.23902,8,0.14931,2,0.094727
-58,45,2,0.22082,6,0.12625,2,0.14248
26,95,2,0.22082,6,0.12625,2,0.097408
10,84,2,0.23902,8,0.14931,2,0.093274
-10,100,2,0.23902,8,0.14931,2,0.06381
-34,99,2,0.22082,6,0.12625,2,0.092661
-82,77,2,0.22082,6,0.12625,2,0.11364
10,85,2,0.22082,6,0.12625,2,0.075523
26,96,2,0.23902,8,0.14931,2,0.097778
-34,100,2,0.23902,8,0.14931,2,0.12302
-10,101,2,0.22082,6,0.12625,2,0.083929
-58,46,2,0.23902,8,0.14931,2,0.093023
26,97,2,0.22082,6,0.12625,1,0.53407
-82,78,2,0.23902,8,0.14931,2,0.093694
-34,101,2,0.22082,6,0.12625,1,0.53407
-10,102,2,0.23902,8,0.14931,2,0.092527
10,86,2,0.23902,8,0.14931,2,0.09228
26,98,2,0.23902,8,0.14931,2,0.070909
-82,79,2,0.22082,6,0.12625,2,0.11759
-58,47,2,0.22082,6,0.12625,2,0.11538
-34,102,2,0.23902,8,0.14931,1,0.53973
-10,103,2,0.22082,6,0.12625,2,0.080325
10,87,2,0.22082,6,0.12625,2,0.11004
26,99,2,0.22082,6,0.12625,2,0.10789
-34,103,2,0.22082,6,0.12625,1,0.53114
-82,80,2,0.23902,8,0.14931,2,0.094203
-10,104,2,0.23902,8,0.14931,2,0.094631
10,88,2,0.23902,8,0.14931,2,0.091228
26,100,2,0.23902,8,0.14931,2,0.11131
-58,48,2,0.23902,8,0.14931,2,0.099467
-82,81,2,0.22082,6,0.12625,2,0.079597
-34,104,2,0.23902,8,0.14931,2,0.12367
-10,105,2,0.22082,6,0.12625,2,0.076715
26,101,2,0.22082,6,0.12625,1,0.52968
10,89,2,0.22082,6,0.12625,2,0.077063
-82,82,2,0.23902,8,0.14931,2,0.094288
-34,105,2,0.22082,6,0.12625,2,0.086679
-11,-105,2,0.24317,5,0.12627,1,0.52262
26,102,2,0.23902,8,0.14931,1,0.5379
-58,49,2,0.22082,6,0.12625,2,0.16494
10,90,2,0.23902,8,0.14931,2,0.092609
-82,83,2,0.22082,6,0.12625,2,0.077555
-11,-104,2,0.26562,5,0.12604,1,0.53102
-35,-105,2,0.24317,5,0.12627,2,0.10306
26,103,2,0.22082,6,0.12625,1,0.52968
-58,50,2,0.23902,8,0.14931,2,0.11848
10,91,2,0.22082,6,0.12625,2,0.076715
-35,-104,2,0.26562,5,0.12604,2,0.10295
-82,84,2,0.23902,8,0.14931,2,0.094374
-11,-103,2,0.24317,5,0.12627,2,0.11667
26,104,2,0.23902,8,0.14931,2,0.097915
-35,-103,2,0.24317,5,0.12627,1,0.52651
-58,51,2,0.22082,6,0.12625,2,0.13826
-82,85,2,0.22082,6,0.12625,2,0.11844
10,92,2,0.23902,8,0.14931,2,0.09228
-35,-102,2,0.26562,5,0.12604,1,0.53297
-11,-102,2,0.26562,5,0.12604,2,0.1036
26,105,2,0.22082,6,0.12625,2,0.079163
-58,52,2,0.23902,8,0.14931,2,0.09319
-82,86,2,0.23902,8,0.14931,2,0.092609
-35,-101,2,0.24317,5,0.12627,1,0.52602
-11,-101,2,0.24317,5,0.12627,2,0.09657
10,93,2,0.22082,6,0.12625,2,0.080543
25,-105,2,0.24317,5,0.12627,2,0.10268
-35,-100,2,0.26562,5,0.12604,1,0.53493
-82,87,2,0.22082,6,0.12625,2,0.11333
-58,53,2,0.22082,6,0.12625,2,0.1396
-11,-100,2,0.26562,5,0.12604,2,0.1025
-35,-99,2,0.24317,5,0.12627,1,0.52799
25,-104,2,0.26562,5,0.12604,1,0.53493
10,94,2,0.23902,8,0.14931,2,0.092543
-82,88,2,0.23902,8,0.14931,2,0.094033
-11,-99,2,0.24317,5,0.12627,2,0.10616
-35,-98,2,0.26562,5,0.12604,1,0.53493
-58,54,2,0.23902,8,0.14931,2,0.093778
25,-103,2,0.24317,5,0.12627,1,0.52799
10,95,2,0.22082,6,0.12625,2,0.075386
-82,89,2,0.22082,6,0.12625,2,0.11707
-11,-98,2,0.26562,5,0.12604,2,0.1074
25,-102,2,0.26562,5,0.12604,2,0.10342
-35,-97,2,0.24317,5,0.12627,1,0.52799
10,96,2,0.23902,8,0.14931,2,0.091549
-58,55,2,0.22082,6,0.12625,2,0.13596
-82,90,2,0.23902,8,0.14931,2,0.094631
-11,-97,2,0.24317,5,0.12627,2,0.10342
25,-101,2,0.24317,5,0.12627,2,0.092746
-35,-96,2,0.26562,5,0.12604,2,0.13668
10,97,2,0.22082,6,0.12625,2,0.10975
25,-100,2,0.26562,5,0.12604,2,0.1024
-82,91,2,0.22082,6,0.12625,2,0.078053
-11,-96,2,0.26562,5,0.12604,2,0.10168
-58,56,2,0.23902,8,0.14931,2,0.093778
25,-99,2,0.24317,5,0.12627,2,0.089837
-35,-95,2,0.24317,5,0.12627,2,0.13194
-82,92,2,0.23902,8,0.14931,2,0.11335
10,98,2,0.23902,8,0.14931,2,0.090909
-11,-95,2,0.24317,5,0.12627,1,0.52407
-35,-94,2,0.26562,5,0.12604,2,0.15963
25,-98,2,0.26562,5,0.12604,2,0.1083
-82,93,2,0.22082,6,0.12625,2,0.075799
-58,57,2,0.22082,6,0.12625,2,0.11441
10,99,2,0.22082,6,0.12625,2,0.079525
25,-97,2,0.24317,5,0.12627,1,0.52359
-35,-93,2,0.24317,5,0.12627,1,0.54845
-11,-94,2,0.26562,5,0.12604,1,0.53199
-82,94,2,0.23902,8,0.14931,2,0.094545
-58,58,2,0.23902,8,0.14931,2,0.093274
-35,-92,2,0.26562,5,0.12604,1,0.53297
10,100,2,0.23902,8,0.14931,2,0.092857
25,-96,2,0.26562,5,0.12604,1,0.53005
-82,95,2,0.22082,6,0.12625,2,0.11844
-11,-93,2,0.24317,5,0.12627,2,0.13725
-35,-91,2,0.24317,5,0.12627,1,0.52602
-58,59,2,0.22082,6,0.12625,2,0.075799
-82,96,2,0.23902,8,0.14931,2,0.092035
25,-95,2,0.24317,5,0.12627,2,0.097132
10,101,2,0.22082,6,0.12625,2,0.077132
-35,-90,2,0.26562,5,0.12604,1,0.53699
-11,-92,2,0.26562,5,0.12604,2,0.1016
-82,97,2,0.22082,6,0.12625,2,0.11333
-58,60,2,0.23902,8,0.14931,2,0.092857
25,-94,2,0.26562,5,0.12604,1,0.53493
10,102,2,0.23902,8,0.14931,2,0.092199
-35,-89,2,0.24317,5,0.12627,1,0.52505
-82,98,2,0.23902,8,0.14931,2,0.094033
-11,-91,2,0.24317,5,0.12627,2,0.11189
-58,61,2,0.22082,6,0.12625,2,0.083333
25,-93,2,0.24317,5,0.12627,1,0.52799
10,103,2,0.22082,6,0.12625,2,0.077273
-35,-88,2,0.26562,5,0.12604,1,0.54029
-82,99,2,0.22082,6,0.12625,2,0.11781
-11,-90,2,0.26562,5,0.12604,2,0.10317
-58,62,2,0.23902,8,0.14931,2,0.093274
25,-92,2,0.26562,5,0.12604,2,0.1037
-35,-87,2,0.24317,5,0.12627,1,0.5268
10,104,2,0.23902,8,0.14931,2,0.094203
-82,100,2,0.23902,8,0.14931,2,0.094631
-11,-89,2,0.24317,5,0.12627,2,0.1116
-35,-86,2,0.26562,5,0.12604,2,0.10663
25,-91,2,0.24317,5,0.12627,2,0.090742
-82,101,2,0.22082,6,0.12625,2,0.077273
10,105,2,0.22082,6,0.12625,2,0.079163
-58,63,2,0.22082,6,0.12625,2,0.076077
-11,-88,2,0.26562,5,0.12604,2,0.17587
25,-90,2,0.26562,5,0.12604,2,0.1364
-82,102,2,0.23902,8,0.14931,2,0.094631
9,-105,2,0.24317,5,0.12627,1,0.52799
-11,-87,2,0.24317,5,0.12627,2,0.10314
-35,-85,2,0.24317,5,0.12627,2,0.10415
-58,64,2,0.23902,8,0.14931,2,0.093441
-82,103,2,0.22082,6,0.12625,2,0.075386
25,-89,2,0.24317,5,0.12627,2,0.14062
-11,-86,2,0.26562,5,0.12604,2,0.16484
9,-104,2,0.26562,5,0.12604,1,0.53493
-35,-84,2,0.26562,5,0.12604,2,0.10305
-82,104,2,0.23902,8,0.14931,2,0.094631
-11,-85,2,0.24317,5,0.12627,1,0.52359
25,-88,2,0.26562,5,0.12604,2,0.12063
-58,65,2,0.22082,6,0.12625,2,0.078125
9,-103,2,0.24317,5,0.12627,2,0.095023
-35,-83,2,0.24317,5,0.12627,1,0.52651
-82,105,2,0.22082,6,0.12625,2,0.11898
-11,-84,2,0.26562,5,0.12604,1,0.53054
25,-87,2,0.24317,5,0.12627,1,0.54545
-58,66,2,0.23902,8,0.14931,2,0.099911
9,-102,2,0.26562,5,0.12604,2,0.10231
-35,-82,2,0.26562,5,0.12604,1,0.58813
-11,-83,2,0.24317,5,0.12627,2,0.1343
-83,-105,2,0.24317,5,0.12627,2,0.11928
-58,67,2,0.22082,6,0.12625,2,0.13815
25,-86,2,0.26562,5,0.12604,1,0.54663
-35,-81,2,0.24317,5,0.12627,1,0.58221
9,-101,2,0.24317,5,0.12627,2,0.090909
-11,-82,3,0.37377,5,0.12604,2,0.12043
-83,-104,2,0.26562,5,0.12604,2,0.10711
-58,68,2,0.23902,8,0.14931,2,0.093609
25,-85,2,0.24317,5,0.12627,2,0.10718
-35,-80,2,0.26562,5,0.12604,1,0.59353
-83,-103,2,0.24317,5,0.12627,2,0.12004
-11,-81,3,0.37359,5,0.12627,2,0.14113
9,-100,2,0.26562,5,0.12604,2,0.087703
-58,69,2,0.22082,6,0.12625,2,0.1294
-83,-102,2,0.26562,5,0.12604,2,0.11211
25,-84,2,0.26562,5,0.12604,1,0.54848
-35,-79,2,0.24317,5,0.12627,1,0.58813
9,-99,2,0.24317,5,0.12627,2,0.090411
-58,70,2,0.23902,8,0.14931,2,0.11321
-11,-80,3,0.40268,5,0.12604,2,0.13808
9,-98,2,0.26562,5,0.12604,2,0.10881
25,-83,2,0.24317,5,0.12627,1,0.53832
-83,-101,2,0.24317,5,0.12627,2,0.090411
-35,-78,2,0.26562,5,0.12604,1,0.59689
-58,71,2,0.22082,6,0.12625,2,0.15647
9,-97,2,0.24317,5,0.12627,2,0.14805
-11,-79,3,0.3887,5,0.12627,2,0.1118
-83,-100,2,0.26562,5,0.12604,2,0.088368
25,-82,2,0.26562,5,0.12604,2,0.11915
-35,-77,2,0.24317,5,0.12627,1,0.58507
-58,72,2,0.23902,8,0.14931,2,0.10045
9,-96,2,0.26562,5,0.12604,1,0.53248
9,-95,2,0.24317,5,0.12627,1,0.52553
-83,-99,2,0.24317,5,0.12627,2,0.090993
-58,73,2,0.22082,6,0.12625,2,0.14385
-11,-78,4,0.42238,5,0.12604,2,0.13748
25,-81,2,0.24317,5,0.12627,2,0.12924
-35,-76,2,0.26562,5,0.12604,2,0.17718
9,-94,2,0.26562,5,0.12604,1,0.53493
-58,74,2,0.23902,8,0.14931,2,0.13357
-83,-98,2,0.26562,5,0.12604,2,0.11192
-11,-77,4,0.40629,5,0.12627,2,0.16264
25,-80,2,0.26562,5,0.12604,2,0.1158
9,-93,2,0.24317,5,0.12627,2,0.10135
-35,-75,2,0.24317,5,0.12627,2,0.1887
-83,-97,2,0.24317,5,0.12627,2,0.092576
-58,75,2,0.22082,6,0.12625,2,0.095195
-11,-76,3,0.40704,5,0.12604,2,0.14538
9,-92,2,0.26562,5,0.12604,2,0.10222
25,-79,2,0.24317,5,0.12627,2,0.12795
-35,-74,2,0.26562,5,0.12604,2,0.136
-83,-96,2,0.26562,5,0.12604,2,0.10426
-11,-75,3,0.3933,5,0.12627,2,0.1207
-58,76,2,0.23902,8,0.14931,2,0.10409
9,-91,2,0.24317,5,0.12627,2,0.095792
-83,-95,2,0.24317,5,0.12627,2,0.1208
25,-78,2,0.26562,5,0.12604,2,0.14914
-35,-73,2,0.24317,5,0.12627,1,0.55
-11,-74,3,0.41786,5,0.12604,2,0.11515
-83,-94,2,0.26562,5,0.12604,2,0.1073
-58,77,2,0.22082,6,0.12625,2,0.12556
-35,-72,2,0.26562,5,0.12604,1,0.5775
9,-90,2,0.26562,5,0.12604,2,0.087387
25,-77,2,0.24317,5,0.12627,1,0.52886
-11,-73,3,0.4047,5,0.12627,2,0.21889
-83,-93,2,0.24317,5,0.12627,2,0.13853
-58,78,2,0.23902,8,0.14931,2,0.093694
-35,-71,2,0.24317,5,0.12627,1,0.56279
9,-89,2,0.24317,5,0.12627,2,0.094509
25,-76,2,0.26562,5,0.12604,1,0.5348
-83,-92,2,0.26562,5,0.12604,2,0.12091
-11,-72,3,0.41786,5,0.12604,2,0.17002
-58,79,2,0.22082,6,0.12625,2,0.12178
9,-88,2,0.26562,5,0.12604,2,0.1073
-83,-91,2,0.24317,5,0.12627,2,0.10769
-35,-70,2,0.26562,5,0.12604,1,0.56735
25,-75,2,0.24317,5,0.12627,2,0.10803
-58,80,2,0.23902,8,0.14931,2,0.10508
9,-87,2,0.24317,5,0.12627,2,0.15162
-11,-71,3,0.4047,5,0.12627,2,0.17313
-83,-90,2,0.26562,5,0.12604,2,0.10125
-35,-69,2,0.24317,5,0.12627,1,0.56015
25,-74,2,0.26562,5,0.12604,1,0.52957
9,-86,2,0.26562,5,0.12604,1,0.53151
-58,81,2,0.22082,6,0.12625,2,0.12387
-35,-68,2,0.26562,5,0.12604,1,0.55261
-83,-89,2,0.24317,5,0.12627,2,0.11284
-11,-70,5,0.44824,5,0.12604,2,0.20811
9,-85,2,0.24317,5,0.12627,1,0.52456
25,-73,2,0.24317,5,0.12627,1,0.53186
-35,-67,2,0.24317,5,0.12627,1,0.54495
-58,82,2,0.23902,8,0.14931,2,0.10376
-83,-88,2,0.26562,5,0.12604,2,0.12466
25,-72,2,0.26562,5,0.12604,2,0.13233
-83,-87,2,0.24317,5,0.12627,2,0.12455
9,-84,2,0.26562,5,0.12604,1,0.53151
-11,-69,5,0.43986,5,0.12627,2,0.29095
-35,-66,2,0.26562,5,0.12604,2,0.13644
-58,83,2,0.22082,6,0.12625,2,0.11411
-83,-86,2,0.26562,5,0.12604,2,0.10772
25,-71,2,0.24317,5,0.12627,2,0.17145
9,-83,2,0.24317,5,0.12627,2,0.1025
-58,84,2,0.23902,8,0.14931,2,0.094804
-35,-65,2,0.24317,5,0.12627,2,0.16205
-11,-68,4,0.42908,5,0.12604,2,0.1595
-83,-85,2,0.24317,5,0.12627,2,0.11993
25,-70,3,0.3543,5,0.12604,2,0.10123
-58,85,2,0.22082,6,0.12625,2,0.087236
-83,-84,2,0.26562,5,0.12604,2,0.10323
9,-82,3,0.38836,5,0.12604,2,0.1024
-35,-64,2,0.26562,5,0.12604,2,0.13705
-11,-67,4,0.42354,5,0.12627,2,0.22699
-58,86,2,0.23902,8,0.14931,2,0.09839
-83,-83,2,0.24317,5,0.12627,2,0.1208
25,-69,3,0.33757,5,0.12627,2,0.15256
9,-81,3,0.3887,5,0.12627,2,0.12272
-83,-82,2,0.26562,5,0.12604,2,0.10332
-35,-63,2,0.24317,5,0.12627,1,0.54596
-58,87,2,0.22082,6,0.12625,2,0.11221
-11,-66,4,0.42637,5,0.12604,2,0.10411
-83,-81,2,0.24317,5,0.12627,2,0.090411
25,-68,3,0.3543,5,0.12604,1,0.5337
9,-80,3,0.41443,5,0.12604,2,0.089431
-35,-62,2,0.26562,5,0.12604,1,0.53297
-58,88,2,0.23902,8,0.14931,2,0.09294
-83,-80,2,0.26562,5,0.12604,2,0.088102
-11,-65,4,0.42073,5,0.12627,2,0.137
25,-67,3,0.33757,5,0.12627,1,0.54955
-83,-79,2,0.24317,5,0.12627,2,0.090993
-35,-61,2,0.24317,5,0.12627,1,0.52553
9,-79,3,0.40108,5,0.12627,2,0.10597
-58,89,2,0.22082,6,0.12625,2,0.11251
-11,-64,4,0.41812,5,0.12604,2,0.14043
-83,-78,2,0.26562,5,0.12604,2,0.1099
25,-66,4,0.37857,5,0.12604,2,0.1431
-35,-60,2,0.26562,5,0.12604,1,0.53193
-58,90,2,0.23902,8,0.14931,2,0.094631
-83,-77,2,0.24317,5,0.12627,2,0.092831
-11,-63,4,0.41213,5,0.12627,2,0.21217
9,-78,4,0.41938,5,0.12604,2,0.1115
-58,91,2,0.22082,6,0.12625,2,0.11374
-83,-76,2,0.26562,5,0.12604,2,0.10721
-35,-59,2,0.24317,5,0.12627,1,0.52262
25,-65,4,0.36324,5,0.12627,2,0.12729
9,-77,3,0.3933,5,0.12627,2,0.15785
-11,-62,4,0.4089,5,0.12604,2,0.18317
-83,-75,2,0.24317,5,0.12627,2,0.11982
-35,-58,2,0.26562,5,0.12604,1,0.52957
-58,92,2,0.23902,8,0.14931,2,0.093863
