N,number,POD:n,POD:time,POD:memory,POD:Jaqqard,PODH:n,PODH:time,PODH:memory,PODH:Jaqqard,Hough: n,Hough:time,Hough:memory,Hough:Jaqqard
1,1,1,16.5935,1.844674407307629e+19,0.90476,1,42.9427,1604366400,0.90476,4,0.84029,0,0.53333
2,1,1,18.791,1.844674407256276e+19,0.90476,1,42.984,2020386416,0.90476,4,0.8257,0,0.53333
3,1,1,18.7054,1.844674407234264e+19,0.90476,1,42.4105,1640073696,0.90476,4,0.81582,0,0.53333
4,1,1,18.3862,1.844674407224575e+19,0.90476,1,39.8294,14772765648,0.90476,4,0.73506,298352,0.53333
5,1,1,17.1166,1.84467440730416e+19,0.90476,1,41.9424,2978232960,0.90476,4,0.82784,0,0.53333
6,1,1,18.6941,279607680,0.90476,1,40.865,2885097840,0.90476,4,0.82866,0,0.53333
7,1,1,18.4452,1.844674407231805e+19,0.90476,1,42.3066,1604333568,0.90476,4,0.79454,0,0.53333
8,1,1,18.2932,1.844674407224575e+19,0.90476,1,40.4753,8298397136,0.90476,4,0.73412,298352,0.53333
9,1,1,17.096,1639619968,0.90476,1,38.2825,14354898960,0.90476,4,0.72833,298352,0.53333
10,1,1,17.1948,1.844674407310639e+19,0.90476,1,40.2879,3676354912,0.90476,4,0.8089,0,0.53333
1,2,2,17.1128,82278480,0.96774,2,35.1773,14106177584,0.96774,3,3.438,2018080,0.61635
2,2,2,15.387,1.844674407357083e+19,0.96774,2,38.7451,6149485472,0.96774,3,3.7996,0,0.61635
3,2,2,16.164,1.844674407246988e+19,0.96774,2,41.5202,2283577104,0.96774,3,3.8889,0,0.61635
4,2,2,16.6879,1.844674407255393e+19,0.96774,2,41.0557,1801959184,0.96774,3,3.9781,0,0.61635
5,2,2,16.885,1.844674407289648e+19,0.96774,2,41.3417,1916212432,0.96774,3,3.9001,0,0.61635
6,2,2,16.749,1.844674407272909e+19,0.96774,2,40.5945,2364439600,0.96774,3,3.9767,0,0.61635
7,2,2,16.9255,1.844674407240184e+19,0.96774,2,39.1964,13334009696,0.96774,3,3.3869,2018096,0.61635
8,2,2,15.0811,311428992,0.96774,2,36.9896,13953648496,0.96774,3,3.3011,2018096,0.61635
9,2,2,14.8686,143347440,0.96774,2,38.5827,3411909440,0.96774,3,4.03,0,0.61635
10,2,2,16.8596,1.844674407289728e+19,0.96774,2,39.0676,14164605440,0.96774,3,3.3681,2018080,0.61635
1,3,3,16.1365,1.844674407321075e+19,0.96791,3,39.8658,13043680480,0.96791,4,5.0266,2907632,0.52055
2,3,3,15.9103,178070208,0.96791,3,38.9461,9768168240,0.96791,4,5.1615,2907632,0.52055
3,3,3,16.2553,1.844674407258986e+19,0.96791,3,40.8882,4365795296,0.96791,4,5.7472,0,0.52055
4,3,3,17.7412,1.844674407350761e+19,0.96791,3,39.1544,5733126768,0.96791,4,5.7255,0,0.52055
5,3,3,17.5257,1.84467440734561e+19,0.96791,3,37.7571,5753284480,0.96791,4,5.55,0,0.52055
6,3,3,17.0699,1.844674407224575e+19,0.96791,3,40.4586,1631019584,0.96791,4,5.8164,0,0.52055
7,3,3,17.4803,1087211328,0.96791,3,36.8658,14599743664,0.96791,4,4.8122,2907632,0.52055
8,3,3,15.5396,1.844674407363036e+19,0.96791,3,41.0968,1670223984,0.96791,4,5.4733,944624,0.52055
9,3,3,15.801,74022144,0.96791,3,41.1954,1657543472,0.96791,4,5.7804,0,0.52055
10,3,3,17.4673,1.844674407267442e+19,0.96791,3,39.843,1617145184,0.96791,4,5.7583,0,0.52055
1,4,4,17.4456,1.844674407234538e+19,0.9685,4,41.5301,1836032720,0.9685,8,5.5198,0,0.61348
2,4,4,17.0486,1.844674407250623e+19,0.9685,4,39.3273,3235211488,0.9685,8,5.6689,0,0.61348
3,4,4,17.3517,1.844674407224578e+19,0.9685,4,41.3283,1785484336,0.9685,8,5.7506,0,0.61348
4,4,4,17.4939,1.844674407279855e+19,0.9685,4,41.2594,1604333632,0.9685,8,5.4501,0,0.61348
5,4,4,16.9786,1.84467440733735e+19,0.9685,4,40.6493,1604335184,0.9685,8,5.7611,0,0.61348
6,4,4,17.7643,1.844674407240559e+19,0.9685,4,40.852,1604333616,0.9685,8,5.8026,0,0.61348
7,4,4,17.7207,1.844674407290526e+19,0.9685,4,37.5247,13607464912,0.9685,8,4.9666,2956912,0.61348
8,4,4,15.538,1.844674407284584e+19,0.9685,4,40.3967,1969239520,0.9685,8,5.7348,0,0.61348
9,4,4,17.5851,1.844674407348209e+19,0.9685,4,39.8813,2785937648,0.9685,8,5.5097,1584,0.61348
10,4,4,17.0688,1.844674407297144e+19,0.9685,4,38.7324,8002493664,0.9685,8,5.6404,0,0.61348
1,5,5,17.401,1.844674407263597e+19,0.74788,5,39.0975,12701246176,0.74788,4,8.1625,5280432,0.74036
2,5,5,16.1889,1.844674407360818e+19,0.74788,5,37.2259,14735311008,0.74788,4,7.9141,5280416,0.74036
3,5,5,15.5662,1.844674407294049e+19,0.74788,5,38.7765,11033631984,0.74788,4,7.7288,5280416,0.74036
4,5,5,15.6985,922320128,0.74788,5,38.4122,2312255472,0.74788,4,9.1326,0,0.74036
5,5,5,17.5669,1.844674407243012e+19,0.74788,5,39.5276,1604333664,0.74788,4,9.2689,0,0.74036
6,5,5,17.8835,1.84467440736871e+19,0.74788,5,40.5537,3086613600,0.74788,4,9.1952,0,0.74036
7,5,5,17.4768,1088873056,0.74788,5,37.7998,4955860464,0.74788,4,9.1197,0,0.74036
8,5,5,17.5171,278838912,0.74788,5,39.2183,1717791056,0.74788,4,9.3734,0,0.74036
9,5,5,17.7979,1.844674407336615e+19,0.74788,5,40.0225,8873817424,0.74788,4,8.1329,5280416,0.74036
10,5,5,15.9018,1.844674407313248e+19,0.74788,5,41.0993,1683061152,0.74788,4,9.2167,0,0.74036
1,6,6,17.4629,1332615648,0.96985,6,37.4924,13456834960,0.96985,4,9.8046,7032624,0.82045
2,6,6,16.0937,347503232,0.96985,6,39.2811,5849068544,0.96985,4,11.0477,0,0.82045
3,6,6,17.5564,1.844674407296056e+19,0.96985,6,41.4983,2802343472,0.96985,4,11.0765,0,0.82045
4,6,6,17.644,1.844674407329944e+19,0.96985,6,38.8818,5827499184,0.96985,4,10.9191,0,0.82045
5,6,6,17.5123,1.844674407262418e+19,0.96985,6,39.3039,2979615856,0.96985,4,11.2277,0,0.82045
6,6,6,17.7579,1.844674407329913e+19,0.96985,6,37.7243,14753403392,0.96985,4,9.784,7032624,0.82045
7,6,6,16.0729,127166784,0.96985,6,37.5599,13458746832,0.96985,4,9.9435,7032624,0.82045
8,6,6,16.0349,1.844674407237419e+19,0.96985,6,39.4095,13559318016,0.96985,4,9.5748,7032624,0.82045
9,6,6,15.8003,1.84467440722511e+19,0.96985,6,40.9591,1604366544,0.96985,4,10.5512,0,0.82045
10,6,6,17.0279,1.844674407224575e+19,0.96985,6,40.9314,2447475712,0.96985,4,11.0538,0,0.82045
1,7,7,17.5976,353917712,0.96382,7,36.9065,15467635104,0.96382,5,9.9418,7341488,0.69807
2,7,7,16.1306,1.844674407339678e+19,0.96382,7,39.4212,13827498160,0.96382,5,9.8588,7341488,0.69807
3,7,7,15.9974,1.84467440732301e+19,0.96382,7,39.2433,14138561248,0.96382,5,9.6794,7341488,0.69807
4,7,7,15.9181,1.844674407230441e+19,0.96382,7,39.0609,13442116240,0.96382,5,9.6148,7341488,0.69807
5,7,7,15.8487,1.844674407272939e+19,0.96382,7,38.7981,12067829760,0.96382,5,9.8275,7341488,0.69807
6,7,7,15.8795,1.844674407293411e+19,0.96382,7,39.3695,1614506336,0.96382,5,10.5299,6108096,0.69807
7,7,7,15.958,1.844674407294778e+19,0.96382,7,38.3841,6210173264,0.96382,5,10.8831,0,0.69807
8,7,7,17.5031,1.8446744072976e+19,0.96382,7,39.1846,1812127760,0.96382,5,10.9947,0,0.69807
9,7,7,17.4077,419381200,0.96382,7,39.202,14179922816,0.96382,5,9.6373,7341488,0.69807
10,7,7,15.9697,1.844674407326231e+19,0.96382,7,39.0794,12508463168,0.96382,5,9.3155,7341488,0.69807
1,8,8,15.5734,1.844674407245786e+19,0.82097,8,37.6351,13571871152,0.82097,19,13.6695,11486064,0.3975
2,8,8,15.5495,1.844674407313895e+19,0.82097,8,37.3419,4956011232,0.82097,19,15.587,0,0.3975
3,8,8,17.1502,1.844674407229598e+19,0.82097,8,38.4183,6512535872,0.82097,19,14.9391,0,0.3975
4,8,8,16.944,1.844674407224846e+19,0.82097,8,39.2863,1794761232,0.82097,19,14.8759,0,0.3975
5,8,8,17.0225,568889760,0.82097,8,38.6965,3937561616,0.82097,19,14.9913,0,0.3975
6,8,8,17.0156,1.844674407281234e+19,0.82097,8,38.9193,13486432160,0.82097,19,13.6688,11486064,0.3975
7,8,8,15.8768,1.844674407232621e+19,0.82097,8,38.2896,12975998528,0.82097,19,13.2725,11486064,0.3975
8,8,8,15.1457,1639739184,0.82097,8,37.1233,4888290128,0.82097,19,15.0319,0,0.3975
9,8,8,16.78,91676224,0.82097,8,39.1441,2033079200,0.82097,19,15.8033,48,0.3975
10,8,8,17.3146,1145367456,0.82097,8,39.9456,13548937424,0.82097,19,13.2424,11486064,0.3975
1,9,8,15.5458,1.844674407367833e+19,0.96596,8,36.3981,6694916848,0.96596,7,12.2029,0,0.53571
2,9,8,16.856,1.844674407277933e+19,0.96596,8,39.665,1853698704,0.96596,7,12.6218,0,0.53571
3,9,8,17.4338,1.844674407314064e+19,0.96596,8,38.9101,6667499360,0.96596,7,12.6303,0,0.53571
4,9,8,17.3808,1.84467440722995e+19,0.96596,8,39.3451,4393919184,0.96596,7,12.5727,0,0.53571
5,9,8,17.4434,1.844674407327315e+19,0.96596,8,39.9887,2172660624,0.96596,7,11.9297,0,0.53571
6,9,8,16.8307,768458736,0.96596,8,35.3386,15467634096,0.96596,7,11.06,7043856,0.53571
7,9,8,16.8876,1.844674407250296e+19,0.96596,8,39.8431,1604335200,0.96596,7,12.5267,0,0.53571
8,9,8,17.3236,1.844674407229166e+19,0.96596,8,38.8558,6698009440,0.96596,7,12.4958,0,0.53571
9,9,8,17.3472,1.844674407224575e+19,0.96596,8,40.0211,2562198336,0.96596,7,12.5715,0,0.53571
10,9,8,17.3119,186298976,0.96596,8,40.8244,2253766912,0.96596,7,12.2852,0,0.53571
1,10,10,17.1433,1.844674407250475e+19,0.96689,10,41.0806,2176624496,0.96689,8,17.0526,0,0.54659
2,10,10,17.6111,1.844674407325303e+19,0.96689,10,38.0059,14339063424,0.96689,8,15.0068,13874560,0.54659
3,10,10,16.0174,1.844674407225537e+19,0.96689,10,39.9218,2944114576,0.96689,8,17.0603,0,0.54659
4,10,10,17.5288,1.844674407230514e+19,0.96689,10,35.2038,14427009872,0.96689,8,14.936,13871232,0.54659
5,10,10,15.7844,1.844674407330424e+19,0.96689,10,39.0347,6060684352,0.96689,8,16.9392,0,0.54659
6,10,10,17.48,64049024,0.96689,10,35.8801,15467586672,0.96689,8,15.4146,13871248,0.54659
7,10,10,15.4074,1639746400,0.96689,10,34.5382,13814366576,0.96689,8,14.999,13871232,0.54659
8,10,10,15.6974,1.844674407301671e+19,0.96689,10,39.667,1623064640,0.96689,8,15.9497,0,0.54659
9,10,10,16.7244,1.84467440734741e+19,0.96689,10,35.5723,13002371728,0.96689,8,14.8495,13871232,0.54659
10,10,10,15.7131,1.8446744072838e+19,0.96689,10,38.9825,12636085312,0.96689,8,14.6177,13871232,0.54659
1,11,11,15.6688,1.844674407240945e+19,0.96788,11,38.8039,14016301200,0.96788,14,15.3073,15383872,0.53194
2,11,11,15.1595,1.844674407259212e+19,0.96788,11,40.9783,2293942288,0.96788,14,18.2686,0,0.53194
3,11,11,17.4531,1.844674407325415e+19,0.96788,11,36.9187,13518663360,0.96788,14,15.7416,15383872,0.53194
4,11,11,15.4872,158866784,0.96788,11,38.1967,5935940000,0.96788,14,17.1288,10983600,0.53194
5,11,11,15.1824,1.844674407231617e+19,0.96788,11,40.0953,1958970448,0.96788,14,17.8818,0,0.53194
6,11,11,17.1544,1.844674407224578e+19,0.96788,11,38.732,5681018048,0.96788,14,18.2158,0,0.53194
7,11,11,17.3819,1.844674407323823e+19,0.96788,11,40.242,1714006976,0.96788,14,17.8652,0,0.53194
8,11,11,17.1614,1.844674407235034e+19,0.96788,11,40.3221,2091123552,0.96788,14,17.2166,0,0.53194
9,11,11,16.4406,1.844674407260967e+19,0.96788,11,36.4958,13426655056,0.96788,14,15.1532,15383872,0.53194
10,11,11,15.2051,1.844674407267698e+19,0.96788,11,37.8876,6400501264,0.96788,14,17.1744,0,0.53194
1,12,12,16.7938,1.844674407340082e+19,0.96117,12,39.0345,4108973088,0.96117,5,13.2385,0,0.71614
2,12,12,16.1549,1.844674407234606e+19,0.96117,12,40.412,1604399696,0.96117,5,13.3069,272,0.71614
3,12,12,16.7997,1.844674407269226e+19,0.96117,12,40.4904,2343867472,0.96117,5,13.9108,0,0.71614
4,12,12,17.3367,1.844674407272586e+19,0.96117,12,36.3552,13920509440,0.96117,5,12.0814,11336768,0.71614
5,12,12,15.6617,866753600,0.96117,12,38.2874,14412003040,0.96117,5,12.0555,11336768,0.71614
6,12,12,15.5348,1639750640,0.96117,12,36.6483,2932070064,0.96117,5,13.8959,0,0.71614
7,12,12,17.1165,1.844674407224575e+19,0.96117,12,39.041,12235524704,0.96117,5,12.1986,11336768,0.71614
8,12,12,15.6085,1.844674407249859e+19,0.96117,12,40.3658,2460017344,0.96117,5,13.5696,0,0.71614
9,12,12,17.2563,1.844674407273167e+19,0.96117,12,36.286,3248522032,0.96117,5,13.2787,0,0.71614
10,12,12,16.7854,1.844674407274889e+19,0.96117,12,38.4133,14018604672,0.96117,5,11.6099,11336768,0.71614
1,13,13,15.2939,1.844674407330316e+19,0.95151,13,38.8063,1809399584,0.95151,2,23.7547,0,0.78835
2,13,13,16.8217,1.844674407294301e+19,0.95151,13,39.4174,3397994256,0.95151,2,23.447,0,0.78835
3,13,13,16.888,1.844674407262949e+19,0.95151,13,38.6491,9350599760,0.95151,2,21.6815,23293584,0.78835
4,13,13,15.6543,1.844674407358719e+19,0.95151,13,40.6786,2136853280,0.95151,2,24.3773,0,0.78835
5,13,13,17.051,1.844674407241653e+19,0.95151,13,36.8628,14001243184,0.95151,2,21.5026,23293584,0.78835
6,13,13,15.65,1.844674407343926e+19,0.95151,13,39.8473,1797628624,0.95151,2,23.3701,0,0.78835
7,13,13,16.7026,1.844674407249466e+19,0.95151,13,38.4744,1942054688,0.95151,2,23.254,11745344,0.78835
8,13,13,15.6086,1.844674407324484e+19,0.95151,13,37.9874,1894124016,0.95151,2,24.5539,0,0.78835
9,13,13,17.3639,1.844674407224575e+19,0.95151,13,38.8604,1604334176,0.95151,2,24.5755,0,0.78835
10,13,13,17.5128,1.844674407255687e+19,0.95151,13,41.1673,1786062736,0.95151,2,23.2775,0,0.78835
1,14,14,16.997,1.844674407250685e+19,0.96714,14,39.2533,13460962640,0.96714,5,18.3982,21201216,0.70668
2,14,14,15.4073,1.844674407325674e+19,0.96714,14,40.481,3309578368,0.96714,5,20.8609,0,0.70668
3,14,14,16.6295,1.844674407238892e+19,0.96714,14,36.6599,15467548736,0.96714,5,19.2329,21201216,0.70668
4,14,14,15.6541,1639748464,0.96714,14,38.3298,2773683312,0.96714,5,22.0561,0,0.70668
5,14,14,17.0943,1.844674407317037e+19,0.96714,14,39.4285,1604333568,0.96714,5,20.6522,0,0.70668
6,14,14,16.8566,1.844674407293903e+19,0.96714,14,41.1042,2321283216,0.96714,5,21.3416,0,0.70668
7,14,14,16.8545,183791664,0.96714,14,38.4131,1604366400,0.96714,5,20.7855,0,0.70668
8,14,14,16.6566,1.84467440725595e+19,0.96714,14,38.3376,14787788368,0.96714,5,18.8986,21201216,0.70668
9,14,14,15.4591,1.844674407317353e+19,0.96714,14,40.9376,1604333568,0.96714,5,21.3162,0,0.70668
10,14,14,16.7701,1.844674407224575e+19,0.96714,14,37.6602,14170258592,0.96714,5,18.2127,21201216,0.70668
1,15,15,15.6151,650525472,0.97113,15,37.5029,2402830432,0.97113,12,28.2806,0,0.54516
2,15,15,17.0698,1.8446744072627e+19,0.97113,15,38.0308,12457311520,0.97113,12,24.8632,30011168,0.54516
3,15,15,15.8019,445097872,0.97113,15,38.6671,13132316880,0.97113,12,24.3373,30011168,0.54516
4,15,15,15.4856,1.844674407313478e+19,0.97113,15,38.4294,2169576624,0.97113,12,26.645,0,0.54516
5,15,15,16.6913,1.844674407276775e+19,0.97113,15,40.1038,2654572016,0.97113,12,27.6018,0,0.54516
6,15,15,17.1057,25118432,0.97113,15,38.9023,4679727008,0.97113,12,27.9507,0,0.54516
7,15,15,16.8592,1.844674407336885e+19,0.97113,15,38.6383,2203957024,0.97113,12,27.8312,128,0.54516
8,15,15,16.9729,1.844674407341297e+19,0.97113,15,38.3919,4396551504,0.97113,12,27.1617,0,0.54516
9,15,15,16.8062,1.844674407228572e+19,0.97113,15,38.4317,13941634192,0.97113,12,23.416,30011168,0.54516
10,15,15,15.2445,122662800,0.97113,15,39.9698,2828529968,0.97113,12,27.5218,0,0.54516
1,16,16,17.0172,1061875488,0.96617,16,37.9092,3507400384,0.96617,11,27.1261,0,0.63775
2,16,16,17.2567,1.844674407224575e+19,0.96617,16,38.162,2309581520,0.96617,11,27.2627,0,0.63775
3,16,16,17.4357,1.844674407224575e+19,0.96617,16,40.2012,1792760976,0.96617,11,25.7595,0,0.63775
4,16,16,16.9654,1.844674407303091e+19,0.96617,16,38.9389,2627597376,0.96617,11,26.6397,0,0.63775
5,16,16,16.869,1.844674407250601e+19,0.96617,16,38.0389,14150684128,0.96617,11,23.3333,29547888,0.63775
6,16,16,15.1526,1.844674407351943e+19,0.96617,16,38.5896,2076721664,0.96617,11,26.6996,0,0.63775
7,16,16,16.8349,1.844674407370503e+19,0.96617,16,34.6858,15236440464,0.96617,11,23.3596,29547888,0.63775
8,16,16,15.3031,1385148976,0.96617,16,40.3864,2246969568,0.96617,11,25.9593,0,0.63775
9,16,16,16.6103,1.84467440727385e+19,0.96617,16,37.7038,2112266992,0.96617,11,27.0683,0,0.63775
10,16,16,17.179,1.844674407298636e+19,0.96617,16,35.1805,15467650480,0.96617,11,22.4626,29547888,0.63775
1,17,17,15.5129,915448864,0.96562,17,35.8417,4453529520,0.96562,9,24.7408,33669360,0.76156
2,17,17,15.0501,1.844674407267156e+19,0.96562,17,38.8286,1615519440,0.96562,9,28.2993,0,0.76156
3,17,17,16.5081,1.844674407272184e+19,0.96562,17,38.6392,2382309664,0.96562,9,27.9672,144,0.76156
4,17,17,16.3198,1.844674407311064e+19,0.96562,17,37.6567,13306424752,0.96562,9,24.9737,33669392,0.76156
5,17,17,14.9714,1.844674407324976e+19,0.96562,17,37.3601,1613519088,0.96562,9,29.0825,0,0.76156
6,17,17,16.6948,1.844674407323443e+19,0.96562,17,37.3705,13683279952,0.96562,9,25.6451,33669392,0.76156
7,17,17,15.509,1.844674407354131e+19,0.96562,17,38.2413,3742214320,0.96562,9,29.6005,0,0.76156
8,17,17,16.5941,1.844674407225697e+19,0.96562,17,40.5334,3067810656,0.96562,9,28.4388,26093680,0.76156
9,17,17,15.3571,1.844674407286523e+19,0.96562,17,37.8726,14027578784,0.96562,9,25.9611,33669440,0.76156
10,17,17,15.4376,1.844674407349918e+19,0.96562,17,40.2601,1950162064,0.96562,9,27.9709,0,0.76156
1,18,17,16.5326,304432240,0.93585,17,37.2563,12666891824,0.93585,6,21.8821,28658848,0.7304
2,18,17,15.2594,1.844674407354303e+19,0.93585,17,38.6845,13985875408,0.93585,6,26.8566,28658848,0.7304
3,18,17,15.923,452666720,0.93585,17,38.3343,1977966400,0.93585,6,26.5389,1568,0.7304
4,18,17,17.0228,1.844674407224575e+19,0.93585,17,43.4227,1912590800,0.93585,6,25.8694,0,0.7304
5,18,17,17.0337,1.844674407227039e+19,0.93585,17,40.7561,2315290576,0.93585,6,26.8265,259312,0.7304
6,18,17,16.4343,1.844674407277115e+19,0.93585,17,41.2215,1604333568,0.93585,6,26.088,0,0.7304
7,18,17,17.2631,1.84467440736802e+19,0.93585,17,40.5139,2000954256,0.93585,6,26.5424,0,0.7304
8,18,17,17.2253,1.844674407224579e+19,0.93585,17,37.0856,12811656752,0.93585,6,22.7183,28658848,0.7304
9,18,17,15.1557,457489184,0.93585,17,37.9314,1810329136,0.93585,6,25.6557,0,0.7304
10,18,17,16.8607,1.844674407296538e+19,0.93585,17,38.1817,13566355872,0.93585,6,22.6773,28658848,0.7304
1,19,19,15.3599,253656528,0.91382,19,37.5666,13368907664,0.91382,12,35.1106,52919776,0.53956
2,19,19,15.6384,475034720,0.91382,19,40.8558,1621114224,0.91382,12,38.4974,0,0.53956
3,19,19,16.8561,1.844674407224575e+19,0.91382,19,41.2304,2115181984,0.91382,12,38.7891,528,0.53956
4,19,19,16.9646,1.844674407346175e+19,0.91382,19,40.0186,1953127872,0.91382,12,38.4749,0,0.53956
5,19,19,16.6602,1.844674407246113e+19,0.91382,19,40.5869,1604337056,0.91382,12,39.7641,0,0.53956
6,19,19,17.2481,1.844674407225641e+19,0.91382,19,37.9229,2617665072,0.91382,12,39.2775,0,0.53956
7,19,19,16.8104,1.844674407306302e+19,0.91382,19,38.052,1801386224,0.91382,12,39.9022,0,0.53956
8,19,19,17.2016,1.844674407237211e+19,0.91382,19,41.2563,1604333744,0.91382,12,38.8695,0,0.53956
9,19,19,16.6796,1.844674407328743e+19,0.91382,19,39.8234,1729247776,0.91382,12,39.7619,0,0.53956
10,19,19,17.0907,1.844674407255828e+19,0.91382,19,40.2751,2293230144,0.91382,12,38.6108,48,0.53956
1,20,20,16.8323,540100976,0.9679,20,37.4725,14113291744,0.9679,14,26.3702,38602528,0.55638
2,20,20,15.3352,624613280,0.9679,20,38.976,1793152768,0.9679,14,30.5757,0,0.55638
3,20,20,16.974,261346208,0.9679,20,39.5528,2236431568,0.9679,14,29.8958,0,0.55638
4,20,20,16.6447,1.844674407224575e+19,0.9679,20,37.5345,12917245152,0.9679,14,26.3573,38602528,0.55638
5,20,20,15.3318,1.844674407268628e+19,0.9679,20,40.5415,1604337568,0.9679,14,31.6429,0,0.55638
6,20,20,17.5084,1.844674407313522e+19,0.9679,20,40.9391,1604333664,0.9679,14,30.2575,0,0.55638
7,20,20,16.9495,1.844674407240631e+19,0.9679,20,38.3232,13283651888,0.9679,14,27.1436,38602544,0.55638
8,20,20,15.8556,1.844674407327584e+19,0.9679,20,39.6362,1794122208,0.9679,14,31.4659,0,0.55638
9,20,20,17.4902,1.844674407281782e+19,0.9679,20,38.663,14876165632,0.9679,14,27.7098,38739312,0.55638
10,20,20,15.8307,30356464,0.9679,20,39.2209,13723867920,0.9679,14,27.5409,38739312,0.55638
1,21,20,15.7459,1.844674407261806e+19,0.82146,20,38.6752,13825069552,0.82146,17,26.213,35989856,0.58828
2,21,20,15.454,1.844674407263716e+19,0.82146,20,41.2613,1703025248,0.82146,17,30.6648,0,0.58828
3,21,20,16.9665,1.844674407227943e+19,0.82146,20,40.347,3165146944,0.82146,17,29.1939,0,0.58828
4,21,20,16.667,1.844674407228108e+19,0.82146,20,41.0449,2605756560,0.82146,17,32.3325,0,0.58828
5,21,20,17.1448,609076880,0.82146,20,37.0273,15467560992,0.82146,17,26.7198,35858128,0.58828
6,21,20,15.6546,388647760,0.82146,20,41.1016,1731565056,0.82146,17,28.7291,0,0.58828
7,21,20,17.0277,1.844674407320436e+19,0.82146,20,38.0046,13013460816,0.82146,17,25.1466,35858128,0.58828
8,21,20,15.1656,1.844674407278139e+19,0.82146,20,40.4712,2350623664,0.82146,17,28.4639,0,0.58828
9,21,20,16.2673,215341776,0.82146,20,37.9257,2076142064,0.82146,17,30.5753,0,0.58828
10,21,20,17.3981,1.84467440724913e+19,0.82146,20,40.464,2515382368,0.82146,17,29.0105,0,0.58828
1,22,22,16.8048,1.84467440728816e+19,0.97415,22,39.6965,1642732064,0.97415,22,43.6153,0,0.57794
2,22,22,16.8115,1.844674407316044e+19,0.97415,22,36.0223,14825721712,0.97415,22,39.6591,63437872,0.57794
3,22,22,15.5928,1639722672,0.97415,22,38.3348,4511078880,0.97415,22,44.8997,0,0.57794
4,22,22,17.2049,1.844674407264635e+19,0.97415,22,38.4625,13944820064,0.97415,22,38.3605,63634080,0.57794
5,22,22,15.289,376317856,0.97415,22,38.0709,3040310496,0.97415,22,44.6024,0,0.57794
6,22,22,17.1191,407868432,0.97415,22,36.0465,14198235328,0.97415,22,39.5828,63634080,0.57794
7,22,22,15.8401,1.844674407261911e+19,0.97415,22,37.6521,14998839792,0.97415,22,39.3437,63634080,0.57794
8,22,22,15.645,107834448,0.97415,22,35.4648,13735208704,0.97415,22,37.6606,63437872,0.57794
9,22,22,14.9551,171107216,0.97415,22,38.9113,2851148400,0.97415,22,44.671,176,0.57794
10,22,22,17.3142,1.844674407245648e+19,0.97415,22,39.8203,1604334288,0.97415,22,42.8146,80,0.57794
1,23,23,16.8625,1.844674407231647e+19,0.97361,23,40.0152,2212449664,0.97361,18,43.6464,0,0.55369
2,23,23,17.0819,1.844674407333352e+19,0.97361,23,41.5508,1807410528,0.97361,18,43.3728,0,0.55369
3,23,23,17.4532,1.844674407225267e+19,0.97361,23,38.4444,12724045008,0.97361,18,37.3481,61027504,0.55369
4,23,23,15.5692,638666320,0.97361,23,38.5723,3759505200,0.97361,18,44.4006,0,0.55369
5,23,23,17.6007,1.844674407268034e+19,0.97361,23,36.7363,13904215312,0.97361,18,38.3019,61027504,0.55369
6,23,23,15.7167,476814880,0.97361,23,36.6192,15467642224,0.97361,18,38.2132,61027552,0.55369
7,23,23,15.1214,1614099664,0.97361,23,39.9766,2419025456,0.97361,18,41.5033,48,0.55369
8,23,23,16.8791,1.844674407289989e+19,0.97361,23,39.9268,2838281952,0.97361,18,41.5277,0,0.55369
9,23,23,16.5524,1.844674407224575e+19,0.97361,23,37.111,13865783536,0.97361,18,35.9653,61027504,0.55369
10,23,23,15.3252,1.844674407254573e+19,0.97361,23,37.7901,15347697568,0.97361,18,38.21,61027504,0.55369
1,24,24,15.7633,314347152,0.9427,24,41.094,1818098032,0.9427,19,32.8861,0,0.57515
2,24,24,17.5807,1.844674407352272e+19,0.9427,24,40.7845,1641870944,0.9427,19,32.1018,0,0.57515
3,24,24,17.045,1.844674407272472e+19,0.9427,24,38.7513,1795189232,0.9427,19,32.3689,0,0.57515
4,24,24,17.2168,1.844674407229852e+19,0.9427,24,38.6933,12788785088,0.9427,19,28.4375,42174624,0.57515
5,24,24,15.6508,1.844674407265734e+19,0.9427,24,40.9918,1604333568,0.9427,19,31.1239,0,0.57515
6,24,24,16.9498,1.844674407284161e+19,0.9427,24,38.4232,2311343008,0.9427,19,32.7963,0,0.57515
7,24,24,16.9755,1.844674407351377e+19,0.9427,24,37.9103,2551528208,0.9427,19,32.9771,0,0.57515
8,24,24,17.5702,1.844674407240501e+19,0.9427,24,40.225,1604366848,0.9427,19,32.0363,0,0.57515
9,24,24,17.2412,183424464,0.9427,24,36.207,14181723728,0.9427,19,27.9546,8776352,0.57515
10,24,24,16.7917,1.844674407307286e+19,0.9427,24,40.4763,2779516208,0.9427,19,32.0084,0,0.57515
1,25,25,17.2284,1.844674407253706e+19,0.96837,25,38.1637,13144187376,0.96837,10,34.9707,58447344,0.78326
2,25,25,15.553,222770944,0.96837,25,39.1865,2498985232,0.96837,10,38.3954,0,0.78326
3,25,25,16.8509,1.84467440727871e+19,0.96837,25,38.8466,2444619104,0.96837,10,38.154,0,0.78326
4,25,25,16.844,1.844674407224575e+19,0.96837,25,38.5986,1787800224,0.96837,10,38.9831,0,0.78326
5,25,25,16.856,1.844674407256571e+19,0.96837,25,40.1458,1604333568,0.96837,10,40.5056,0,0.78326
6,25,25,17.4303,1.844674407240148e+19,0.96837,25,41.1659,3516556736,0.96837,10,40.5906,0,0.78326
7,25,25,16.9507,1.844674407297582e+19,0.96837,25,40.5743,1702305168,0.96837,10,39.6643,0,0.78326
8,25,25,17.0792,1.844674407332853e+19,0.96837,25,38.7819,1659789232,0.96837,10,40.125,0,0.78326
9,25,25,17.3149,1.844674407346992e+19,0.96837,25,40.6334,2315494880,0.96837,10,38.773,0,0.78326
10,25,25,16.8251,99937920,0.96837,25,38.4392,3743070864,0.96837,10,41.2596,0,0.78326
1,26,26,17.4413,1.844674407232069e+19,0.93862,26,38.7614,13162863040,0.93862,22,44.3365,77872128,0.61096
2,26,26,15.826,1.844674407247246e+19,0.93862,26,41.358,2675456560,0.93862,22,50.3411,0,0.61096
3,26,26,17.6085,1.844674407224575e+19,0.93862,26,41.3261,1731704512,0.93862,22,50.015,0,0.61096
4,26,26,17.4531,1.844674407224575e+19,0.93862,26,40.4047,3860781872,0.93862,22,49.2339,48,0.61096
5,26,26,17.2173,1.844674407229361e+19,0.93862,26,40.2772,1604333568,0.93862,22,49.073,32960,0.61096
6,26,26,16.9409,1.844674407311237e+19,0.93862,26,40.2224,1716325744,0.93862,22,47.3146,0,0.61096
7,26,26,16.749,755792928,0.93862,26,37.2652,7061506208,0.93862,22,41.8098,77872144,0.61096
8,26,26,15.369,1.844674407290515e+19,0.93862,26,38.2892,2425866752,0.93862,22,50.5709,0,0.61096
9,26,26,17.2046,1.844674407327503e+19,0.93862,26,39.9582,1604333904,0.93862,22,50.3095,0,0.61096
10,26,26,17.3498,1.844674407230581e+19,0.93862,26,40.4225,1903478016,0.93862,22,49.8581,0,0.61096
1,27,27,17.3319,1.844674407301599e+19,0.93136,27,37.6974,13734592720,0.93136,41,36.9357,65953440,0.57607
2,27,27,15.1676,992104896,0.93136,27,40.49,2104077152,0.93136,41,44.7022,0,0.57607
3,27,27,17.4955,1.844674407233979e+19,0.93136,27,40.9005,3917489568,0.93136,41,44.6726,0,0.57607
4,27,27,17.1369,1.844674407330682e+19,0.93136,27,39.7637,5052758336,0.93136,41,41.9913,0,0.57607
5,27,27,16.6146,1486764384,0.93136,27,36.4214,13572027616,0.93136,41,38.8642,65953424,0.57607
6,27,27,15.8047,1.844674407279797e+19,0.93136,27,40.8384,1920210496,0.93136,41,44.7172,0,0.57607
7,27,27,17.5327,1.844674407313506e+19,0.93136,27,37.074,14813599296,0.93136,41,38.1628,65953408,0.57607
8,27,27,15.7084,1.84467440726265e+19,0.93136,27,36.6563,14035163344,0.93136,41,36.8215,65953408,0.57607
9,27,27,15.2122,1.844674407315513e+19,0.93136,27,40.1021,1839669008,0.93136,41,44.4212,0,0.57607
10,27,27,17.335,1.844674407312891e+19,0.93136,27,39.8185,1799748848,0.93136,41,44.7115,0,0.57607
1,28,28,17.4819,1.844674407349505e+19,0.9688,28,40.9223,1604333568,0.9688,26,50.3723,0,0.5743
2,28,28,17.1973,272565200,0.9688,28,40.4241,1604333664,0.9688,26,48.2815,0,0.5743
3,28,28,17.0612,1.844674407224952e+19,0.9688,28,38.8062,1630332976,0.9688,26,50.7475,0,0.5743
4,28,28,16.9819,1.844674407247885e+19,0.9688,28,36.8681,12920753824,0.9688,26,43.7067,81336672,0.5743
5,28,28,15.6569,1.844674407302706e+19,0.9688,28,39.1442,2293596464,0.9688,26,50.579,0,0.5743
6,28,28,17.3131,1.844674407288646e+19,0.9688,28,39.5674,2058080960,0.9688,26,48.0863,49805968,0.5743
7,28,28,15.9125,283033456,0.9688,28,36.9713,3725708576,0.9688,26,50.0051,0,0.5743
8,28,28,16.8891,1.844674407224575e+19,0.9688,28,37.7635,11099941616,0.9688,26,41.5786,81336672,0.5743
9,28,28,15.3207,1.844674407284373e+19,0.9688,28,38.3621,1614452976,0.9688,26,49.4025,0,0.5743
10,28,28,16.8395,1.844674407248726e+19,0.9688,28,39.0262,2384550800,0.9688,26,48.1218,0,0.5743
1,29,29,16.9449,1.844674407342513e+19,0.90151,29,36.9453,2271197328,0.90151,13,43.7113,0,0.70279
2,29,29,16.9928,1.844674407236439e+19,0.90151,29,36.3116,13016721888,0.90151,13,39.4163,68374672,0.70279
3,29,29,15.6788,1.844674407233482e+19,0.90151,29,39.4239,1604333568,0.90151,13,44.0686,0,0.70279
4,29,29,17.2597,1.844674407348558e+19,0.90151,29,37.1988,12364138032,0.90151,13,43.2387,0,0.70279
5,29,29,17.241,1.844674407354326e+19,0.90151,29,37.449,1738750144,0.90151,13,44.6655,0,0.70279
6,29,29,17.5222,1.84467440727561e+19,0.90151,29,39.7308,1604368112,0.90151,13,43.1605,1448064,0.70279
7,29,29,15.9343,1.84467440722639e+19,0.90151,29,38.8939,2410752976,0.90151,13,43.0047,0,0.70279
8,29,29,17.121,1.844674407262123e+19,0.90151,29,39.1829,1970130400,0.90151,13,41.5395,0,0.70279
9,29,29,16.9756,710732800,0.90151,29,37.1957,3370052256,0.90151,13,41.8165,0,0.70279
10,29,29,16.3146,1.844674407330067e+19,0.90151,29,35.6172,12873117312,0.90151,13,38.4547,68567088,0.70279
1,30,30,16.3953,1.844674407279609e+19,0.92891,30,39.2753,3016925008,0.92891,22,49.6179,128,0.61755
2,30,30,17.134,1.844674407289583e+19,0.92891,30,37.1815,2262307168,0.92891,22,48.0074,0,0.61755
3,30,30,16.899,165450784,0.92891,30,38.2653,1604333568,0.92891,22,48.2101,0,0.61755
4,30,30,17.0636,1.844674407224575e+19,0.92891,30,38.998,2009780224,0.92891,22,50.9148,0,0.61755
5,30,30,17.239,459064112,0.92891,30,39.4573,2877032672,0.92891,22,50.4526,74486384,0.61755
6,30,30,16.2176,1.844674407317708e+19,0.92891,30,34.9094,12817524560,0.92891,22,44.1333,81332640,0.61755
7,30,30,15.7319,1.844674407236363e+19,0.92891,30,37.3023,1792266240,0.92891,22,49.9924,0,0.61755
8,30,30,16.7977,1.844674407279385e+19,0.92891,30,39.1314,2047739632,0.92891,22,47.9402,0,0.61755
9,30,30,16.8289,1.844674407343583e+19,0.92891,30,37.0637,10246774192,0.92891,22,48.4171,0,0.61755
10,30,30,16.824,1.844674407323326e+19,0.92891,30,34.1211,13001385968,0.92891,22,43.2447,47078544,0.61755
1,31,31,16.3646,1.84467440725476e+19,0.88042,31,38.9331,1604333760,0.88042,22,50.7837,0,0.6723
2,31,31,17.0022,82692368,0.88042,31,38.6836,1604333568,0.88042,22,50.7034,0,0.6723
3,31,31,17.2227,1.844674407224575e+19,0.88042,31,39.4707,1647956528,0.88042,22,51.5989,880,0.6723
4,31,31,17.4722,1.844674407224575e+19,0.88042,31,39.6131,1701666976,0.88042,22,52.2905,592,0.6723
5,31,31,17.0213,725366160,0.88042,31,34.9722,13768463760,0.88042,22,45.6296,86632848,0.6723
6,31,31,15.8752,1.844674407249641e+19,0.88042,31,39.7275,2054015008,0.88042,22,48.7222,0,0.6723
7,31,31,16.9018,1.844674407284205e+19,0.88042,31,38.8079,3193986208,0.88042,22,52.1231,0,0.6723
8,31,31,17.4366,668706944,0.88042,31,34.9053,15467575408,0.88042,22,45.6353,86632832,0.6723
9,31,31,15.9101,1.844674407271511e+19,0.88042,31,39.2523,1604333568,0.88042,22,51.7071,48,0.6723
10,31,31,17.4382,1.844674407224578e+19,0.88042,31,39.395,1616771008,0.88042,22,49.0269,0,0.6723
1,32,32,17.3618,1.844674407231865e+19,0.96567,32,39.565,1919911760,0.96567,15,48.8234,48,0.72457
2,32,32,17.4605,1.844674407258312e+19,0.96567,32,39.1682,2254448944,0.96567,15,47.9043,0,0.72457
3,32,32,17.226,1.844674407224575e+19,0.96567,32,36.5764,13661572032,0.96567,15,42.032,81105744,0.72457
4,32,32,15.1518,114901200,0.96567,32,36.2602,13428635408,0.96567,15,42.0079,81105760,0.72457
5,32,32,15.5107,1.84467440722543e+19,0.96567,32,39.4756,1640803936,0.96567,15,46.6582,0,0.72457
6,32,32,16.782,1.844674407229186e+19,0.96567,32,39.0484,1760437648,0.96567,15,49.3105,0,0.72457
7,32,32,17.4186,141190208,0.96567,32,36.8139,2541652400,0.96567,15,47.925,0,0.72457
8,32,32,16.9063,532243152,0.96567,32,36.4966,13455406448,0.96567,15,42.7272,81105744,0.72457
9,32,32,15.6748,1.844674407344333e+19,0.96567,32,37.2863,2243283488,0.96567,15,48.8832,0,0.72457
10,32,32,17.2629,1.844674407346786e+19,0.96567,32,37.4171,1697104608,0.96567,15,46.9388,0,0.72457
1,33,33,17.0005,1.844674407263896e+19,0.9702,33,34.6426,13656967344,0.9702,10,52.5811,20236848,0.82735
2,33,33,16.435,1166048432,0.9702,33,36.6355,1637401280,0.9702,10,59.3171,912,0.82735
3,33,33,16.5917,1.844674407241598e+19,0.9702,33,38.3912,1609386144,0.9702,10,60.4218,71414928,0.82735
4,33,33,15.9575,1.844674407279654e+19,0.9702,33,39.1803,1653362992,0.9702,10,58.5025,0,0.82735
5,33,33,16.4877,241298256,0.9702,33,36.4412,2225837808,0.9702,10,59.7222,0,0.82735
6,33,33,16.4933,1.844674407341788e+19,0.9702,33,38.6516,3378197696,0.9702,10,60.6991,0,0.82735
7,33,33,16.7905,1.844674407308202e+19,0.9702,33,39.3072,1884935200,0.9702,10,60.9341,0,0.82735
8,33,33,17.1355,1.844674407224575e+19,0.9702,33,39.5133,2700715232,0.9702,10,60.7585,0,0.82735
9,33,33,16.8706,1.844674407224575e+19,0.9702,33,36.4282,13359178448,0.9702,10,54.0755,115061008,0.82735
10,33,33,15.6866,1.844674407225003e+19,0.9702,33,36.7237,13395731856,0.9702,10,53.2181,115061008,0.82735
1,34,34,16.3234,1.844674407366103e+19,0.94333,34,39.0806,1696250304,0.94333,27,70.1338,48,0.62349
2,34,34,16.3232,1.844674407233957e+19,0.94333,34,36.0117,14451814592,0.94333,27,65.7447,22359040,0.62349
3,34,34,16.6752,1.844674407272047e+19,0.94333,34,37.4527,2866132560,0.94333,27,73.7531,1632,0.62349
4,34,34,17.443,1067123104,0.94333,34,39.6474,2062289600,0.94333,27,75.2682,0,0.62349
5,34,34,17.1828,1.84467440728533e+19,0.94333,34,37.5562,1687509456,0.94333,27,71.1435,0,0.62349
6,34,34,16.8101,1.844674407343218e+19,0.94333,34,39.097,1831392480,0.94333,27,73.0764,0,0.62349
7,34,34,17.074,1.844674407257392e+19,0.94333,34,35.9204,12889322768,0.94333,27,61.5559,150455488,0.62349
8,34,34,15.0875,1.84467440735865e+19,0.94333,34,37.1173,2614272880,0.94333,27,70.5952,93604368,0.62349
9,34,34,15.5825,1.844674407241102e+19,0.94333,34,38.361,1713393056,0.94333,27,72.8241,0,0.62349
10,34,34,16.9135,1061718192,0.94333,34,36.4914,1806041856,0.94333,27,70.9418,0,0.62349
1,35,35,16.6663,165333456,0.9454,35,36.7226,2874159120,0.9454,12,47.5951,0,0.80185
2,35,35,17.2528,1.844674407224575e+19,0.9454,35,38.99,2011645584,0.9454,12,46.9368,0,0.80185
3,35,35,16.7342,179781872,0.9454,35,38.7456,1984849728,0.9454,12,47.4004,0,0.80185
4,35,35,17.1906,1.844674407282615e+19,0.9454,35,37.1703,2418355904,0.9454,12,45.6168,0,0.80185
5,35,35,16.3368,1.844674407233209e+19,0.9454,35,38.4635,1766055856,0.9454,12,46.3009,0,0.80185
6,35,35,16.7953,1.84467440726192e+19,0.9454,35,37.0747,2043676192,0.9454,12,44.7198,75775168,0.80185
7,35,35,15.4828,1.84467440726711e+19,0.9454,35,33.7867,13485342144,0.9454,12,41.6095,82713264,0.80185
8,35,35,15.7234,1.844674407258235e+19,0.9454,35,35.8507,13029516896,0.9454,12,39.4615,82713216,0.80185
9,35,35,15.3115,1.844674407275585e+19,0.9454,35,38.3492,1690146928,0.9454,12,44.2298,71983056,0.80185
10,35,35,15.575,1.844674407312009e+19,0.9454,35,36.7707,1709625408,0.9454,12,45.5611,0,0.80185
1,36,36,16.496,1270190128,0.95948,36,37.2622,2100732800,0.95948,30,63.9382,0,0.58682
2,36,36,16.9987,1.844674407269265e+19,0.95948,36,39.1198,1604333568,0.95948,30,60.3945,0,0.58682
3,36,36,16.8314,1.844674407230907e+19,0.95948,36,38.8136,1841968064,0.95948,30,62.0082,0,0.58682
4,36,36,16.9232,1.844674407322022e+19,0.95948,36,35.9622,12937030384,0.95948,30,52.8621,121059520,0.58682
5,36,36,14.9878,232075904,0.95948,36,36.5353,1715227088,0.95948,30,62.7894,48,0.58682
6,36,36,16.7412,1.844674407278044e+19,0.95948,36,39.6698,2965053504,0.95948,30,63.4734,0,0.58682
7,36,36,17.4558,1.844674407229451e+19,0.95948,36,39.3411,2857104384,0.95948,30,60.3344,0,0.58682
8,36,36,16.8945,1.844674407313527e+19,0.95948,36,37.9944,2818443568,0.95948,30,62.9925,0,0.58682
9,36,36,17.3032,172613440,0.95948,36,34.6679,13502125312,0.95948,30,55.0838,121059520,0.58682
10,36,36,15.6338,658618992,0.95948,36,37.2346,1784806064,0.95948,30,62.461,0,0.58682
1,37,37,17.1234,1.844674407358022e+19,0.90212,37,39.3005,1835940848,0.90212,17,68.1059,0,0.76033
2,37,37,17.1141,58190160,0.90212,37,34.7625,15014032992,0.90212,17,59.1788,8189632,0.76033
3,37,37,16.8954,1.844674407233608e+19,0.90212,37,40.7517,1604333744,0.90212,17,67.3528,0,0.76033
4,37,37,17.0052,1.844674407333849e+19,0.90212,37,40.4368,2327272464,0.90212,17,64.9042,48,0.76033
5,37,37,16.6607,1.844674407323785e+19,0.90212,37,39.9161,1866381888,0.90212,17,68.6266,0,0.76033
6,37,37,17.1572,1.84467440727466e+19,0.90212,37,40.5322,2137127456,0.90212,17,64.902,0,0.76033
7,37,37,16.691,121676880,0.90212,37,36.1841,6881471840,0.90212,17,66.2751,0,0.76033
8,37,37,16.728,1.844674407233334e+19,0.90212,37,40.3807,2263084032,0.90212,17,68.7692,128,0.76033
9,37,37,17.305,1.84467440729948e+19,0.90212,37,40.6817,2073292912,0.90212,17,65.6518,0,0.76033
10,37,37,16.7849,1.844674407287808e+19,0.90212,37,38.0021,12615679424,0.90212,17,57.1,139659136,0.76033
1,38,38,15.8321,1.844674407231172e+19,0.95426,38,39.4436,1902037968,0.95426,22,64.6224,48,0.66618
2,38,38,17.1213,66679136,0.95426,38,38.3235,2110424672,0.95426,22,66.8664,0,0.66618
3,38,38,16.942,1.84467440727655e+19,0.95426,38,37.918,6773923008,0.95426,22,65.896,0,0.66618
4,38,38,17.3396,1.844674407224575e+19,0.95426,38,38.7673,12429998608,0.95426,22,55.4409,130940192,0.66618
5,38,38,15.1405,1.844674407358033e+19,0.95426,38,38.9908,2108613344,0.95426,22,67.214,0,0.66618
6,38,38,17.1341,345768304,0.95426,38,36.9544,11836721616,0.95426,22,58.0226,130940192,0.66618
7,38,38,15.6048,1.844674407324074e+19,0.95426,38,38.7475,1771733552,0.95426,22,63.7823,0,0.66618
8,38,38,16.6675,1.844674407320453e+19,0.95426,38,35.676,15467586896,0.95426,22,54.8876,130940192,0.66618
9,38,38,15.1807,1.844674407358801e+19,0.95426,38,40.0044,3119946048,0.95426,22,61.3117,130940192,0.66618
10,38,38,16.1058,1.844674407290042e+19,0.95426,38,39.8256,1604335216,0.95426,22,61.7485,0,0.66618
1,39,39,16.1533,1.844674407252882e+19,0.96619,38,38.1537,5567975136,0.96689,37,72.1802,48,0.55566
2,39,39,16.7194,1.844674407226943e+19,0.96619,38,38.0518,5713343040,0.96689,37,73.0045,0,0.55566
3,39,39,16.8216,556126080,0.96619,38,37.4988,12968611632,0.96689,37,66.4527,163571072,0.55566
4,39,39,15.703,441613520,0.96619,38,40.6886,2153462896,0.96689,37,71.1231,0,0.55566
5,39,39,16.6157,1.844674407234421e+19,0.96619,38,38.1733,12609086304,0.96689,37,63.6345,163571088,0.55566
6,39,39,15.0473,1426228096,0.96619,38,36.1206,14578220000,0.96689,37,66.2006,163571072,0.55566
7,39,39,15.6166,345427072,0.96619,38,35.8011,12743737088,0.96689,37,62.6147,163571088,0.55566
8,39,39,14.8229,1.844674407229161e+19,0.96619,38,39.594,1866122288,0.96689,37,73.7397,126215808,0.55566
9,39,39,15.6887,1.844674407237064e+19,0.96619,38,37.4616,14725028528,0.96689,37,64.608,163571056,0.55566
10,39,39,15.2536,1.844674407226922e+19,0.96619,38,40.2141,3209343616,0.96689,37,73.607,0,0.55566
1,40,40,16.3123,1058082496,0.9225,40,36.1636,14745247968,0.9225,16,59.4283,145360320,0.74512
2,40,40,15.3566,179043440,0.9225,40,38.4732,2270261808,0.9225,16,68.5413,111289344,0.74512
3,40,40,15.8148,1.844674407316605e+19,0.9225,40,40.4051,1647490432,0.9225,16,64.9884,0,0.74512
4,40,40,16.4868,1.844674407313503e+19,0.9225,40,39.3533,1758602528,0.9225,16,68.6917,0,0.74512
5,40,40,16.9821,1.84467440727695e+19,0.9225,40,35.8203,14216426784,0.9225,16,57.0288,145051808,0.74512
6,40,40,15.0428,1.844674407310619e+19,0.9225,40,36.6491,12378350240,0.9225,16,57.2386,145360320,0.74512
7,40,40,14.988,1.844674407295802e+19,0.9225,40,39.7737,2291633856,0.9225,16,67.7719,0,0.74512
8,40,40,17.0245,24872208,0.9225,40,37.7789,13363952048,0.9225,16,56.1418,145051808,0.74512
9,40,40,14.8277,1.844674407286845e+19,0.9225,40,35.7089,10076736832,0.9225,16,56.7395,145051808,0.74512
10,40,40,14.977,1.844674407290367e+19,0.9225,40,37.764,14595319552,0.9225,16,55.9795,145051808,0.74512
1,41,41,15.4613,1.844674407224575e+19,0.95009,41,37.3228,5869406912,0.95009,21,69.6614,0,0.7188
2,41,41,16.4572,1.844674407226333e+19,0.95009,41,39.7641,1721937136,0.95009,21,72.51,0,0.7188
3,41,41,17.0487,1.84467440726123e+19,0.95009,41,40.4332,2417816304,0.95009,21,74.2685,0,0.7188
4,41,41,17.2658,1.844674407350966e+19,0.95009,41,40.7396,2039197680,0.95009,21,72.2216,0,0.7188
5,41,41,16.7829,1.844674407224575e+19,0.95009,41,40.3441,1604333568,0.95009,21,70.0555,0,0.7188
6,41,41,16.4961,1.844674407235479e+19,0.95009,41,37.3194,13943839360,0.95009,21,64.8558,166994752,0.7188
7,41,41,15.4114,1.844674407263406e+19,0.95009,41,38.1366,1869022896,0.95009,21,72.2828,0,0.7188
8,41,41,16.6276,1.844674407224575e+19,0.95009,41,36.3596,13207973184,0.95009,21,61.1857,166994752,0.7188
9,41,41,14.9955,166220896,0.95009,41,40.6656,2182067952,0.95009,21,73.9512,48,0.7188
10,41,41,17.2675,1.844674407304803e+19,0.95009,41,38.4704,1607216208,0.95009,21,72.1602,0,0.7188
1,42,41,16.8262,1.844674407263003e+19,0.9618,41,40.3095,2205501936,0.9618,16,63.9572,0,0.7382
2,42,41,16.3336,1.84467440734298e+19,0.9618,41,36.2653,8614598768,0.9618,16,67.5506,0,0.7382
3,42,41,16.8402,1.84467440723837e+19,0.9618,41,38.5939,1756464000,0.9618,16,67.6868,0,0.7382
4,42,41,17.1462,1.844674407288204e+19,0.9618,41,40.7712,1790699872,0.9618,16,64.4758,75136176,0.7382
5,42,41,15.2315,1.844674407287202e+19,0.9618,41,39.1101,2395770912,0.9618,16,63.9827,0,0.7382
6,42,41,16.3537,71199088,0.9618,41,35.1648,13815675056,0.9618,16,56.2788,146093616,0.7382
7,42,41,14.4496,1639795984,0.9618,41,37.997,2651901520,0.9618,16,67.8795,0,0.7382
8,42,41,16.8496,1.844674407224575e+19,0.9618,41,38.0569,12945569552,0.9618,16,58.0228,146093616,0.7382
9,42,41,15.303,1.844674407242808e+19,0.9618,41,38.0278,14384968352,0.9618,16,58.012,124573488,0.7382
10,42,41,16.2891,1.844674407224575e+19,0.9618,41,39.189,2894540272,0.9618,16,64.5654,0,0.7382
1,43,43,16.4975,1.844674407224578e+19,0.92537,43,37.7227,12478419984,0.92537,12,54.1297,141350896,0.74354
2,43,43,14.9777,1.844674407235345e+19,0.92537,43,39.3824,1728282896,0.92537,12,64.2199,0,0.74354
3,43,43,17.0679,1.844674407235458e+19,0.92537,43,40.8591,2126611312,0.92537,12,64.0717,47268448,0.74354
4,43,43,15.6022,860792960,0.92537,43,39.0918,1715227072,0.92537,12,66.8728,0,0.74354
5,43,43,16.7153,222639552,0.92537,43,38.9628,1645932176,0.92537,12,63.2496,0,0.74354
6,43,43,16.5134,1583805920,0.92537,43,38.639,1780265456,0.92537,12,62.8565,52594144,0.74354
7,43,43,15.3743,1.844674407302664e+19,0.92537,43,35.828,15467639456,0.92537,12,57.0933,141350896,0.74354
8,43,43,15.4905,1.844674407264216e+19,0.92537,43,38.2182,12952871696,0.92537,12,54.5624,141350896,0.74354
9,43,43,14.8817,1.844674407275495e+19,0.92537,43,38.1554,11266200912,0.92537,12,57.2468,141350896,0.74354
10,43,43,15.3369,603460480,0.92537,43,38.2286,2960136384,0.92537,12,61.3668,112269936,0.74354
1,44,45,15.9391,1.844674407257902e+19,0.94968,45,40.4295,2827902624,0.94968,31,69.6464,368,0.65898
2,44,45,16.718,1.844674407341312e+19,0.94968,45,38.5401,2970882240,0.94968,31,66.9477,9987984,0.65898
3,44,45,15.3934,1.844674407256714e+19,0.94968,45,40.1296,2205275856,0.94968,31,65.8459,0,0.65898
4,44,45,16.3942,1.844674407358696e+19,0.94968,45,38.0991,4395367344,0.94968,31,71.2581,0,0.65898
5,44,45,17.1715,1.844674407295285e+19,0.94968,45,37.7437,12715727632,0.94968,31,59.6081,156429072,0.65898
6,44,45,15.3788,1.844674407275716e+19,0.94968,45,39.7036,2234899760,0.94968,31,67.9941,0,0.65898
7,44,45,16.6494,1.844674407366522e+19,0.94968,45,39.935,2111914416,0.94968,31,65.757,0,0.65898
8,44,45,16.0636,1.844674407359468e+19,0.94968,45,37.7458,14712827376,0.94968,31,60.7607,156114176,0.65898
9,44,45,15.2195,291032288,0.94968,45,38.0382,14885818832,0.94968,31,60.4955,156114192,0.65898
10,44,45,15.3343,1.844674407230334e+19,0.94968,45,40.0054,3061367888,0.94968,31,70.3438,0,0.65898
1,45,45,17.3058,1.844674407224575e+19,0.96432,45,38.6308,12580924896,0.96432,22,71.3749,202167504,0.76419
2,45,45,15.1124,1.844674407333465e+19,0.96432,45,40.0646,2139701232,0.96432,22,81.5417,0,0.76419
3,45,45,16.6411,798474000,0.96432,45,35.6232,13625754176,0.96432,22,68.9663,202167504,0.76419
4,45,45,14.7738,1.844674407275959e+19,0.96432,45,39.5643,3581998736,0.96432,22,81.0429,48,0.76419
5,45,45,16.6458,1.844674407245661e+19,0.96432,45,39.8645,1681044448,0.96432,22,78.8502,0,0.76419
6,45,45,16.5918,1.844674407337689e+19,0.96432,45,39.1927,1604333568,0.96432,22,79.1489,0,0.76419
7,45,45,16.4575,1.84467440725287e+19,0.96432,45,39.8417,1604333568,0.96432,22,81.1994,48,0.76419
8,45,45,16.7399,1.844674407322182e+19,0.96432,45,37.0109,13363153712,0.96432,22,71.3375,202167504,0.76419
9,45,45,15.3117,1.844674407304981e+19,0.96432,45,39.8865,1604333712,0.96432,22,81.3018,0,0.76419
10,45,45,17.1686,1.844674407299802e+19,0.96432,45,39.3195,2779392320,0.96432,22,71.2468,202167504,0.76419
1,46,46,15.3954,1.844674407232573e+19,0.92202,46,38.0631,13981844240,0.92202,20,73.4297,208786368,0.76147
2,46,46,15.4811,1.844674407269308e+19,0.92202,46,40.2761,2415527568,0.92202,20,82.3327,0,0.76147
3,46,46,16.9316,1.844674407353455e+19,0.92202,46,39.3166,3581092480,0.92202,20,79.1503,0,0.76147
4,46,46,16.3905,1.844674407288166e+19,0.92202,46,36.8512,12526964304,0.92202,20,73.5451,208786384,0.76147
5,46,46,15.4334,1.844674407241422e+19,0.92202,46,39.8516,2099177184,0.92202,20,81.7301,132781552,0.76147
6,46,46,15.6198,653421168,0.92202,46,38.302,2982894848,0.92202,20,83.6115,0,0.76147
7,46,46,16.7817,32526592,0.92202,46,40.7574,2252533360,0.92202,20,83.2911,189384800,0.76147
8,46,46,15.8668,1.844674407317385e+19,0.92202,46,39.888,1604368224,0.92202,20,82.1522,0,0.76147
9,46,46,16.9415,1.844674407224575e+19,0.92202,46,38.5536,2020000128,0.92202,20,79.8865,0,0.76147
10,46,46,16.2223,983606480,0.92202,46,37.0172,4337461344,0.92202,20,85.8853,0,0.76147
1,47,47,17.1454,1.844674407253203e+19,0.92153,47,40.3819,1604333904,0.92153,30,76.722,0,0.65493
2,47,47,16.9826,785837072,0.92153,47,36.3925,14330550496,0.92153,30,66.8399,198009680,0.65493
3,47,47,15.0128,1.844674407258991e+19,0.92153,47,40.4204,1604366528,0.92153,30,81.2699,0,0.65493
4,47,47,16.9869,1.84467440722588e+19,0.92153,47,38.5625,14398443024,0.92153,30,67.5321,198009776,0.65493
5,47,47,15.1972,1200320,0.92153,47,40.5319,1668824208,0.92153,30,76.6633,0,0.65493
6,47,47,16.1367,434501344,0.92153,47,36.1778,15467600480,0.92153,30,69.5834,198009680,0.65493
7,47,47,15.4445,52373232,0.92153,47,40.3485,1964951296,0.92153,30,76.8766,0,0.65493
8,47,47,16.5863,1.844674407256962e+19,0.92153,47,36.1501,13613989680,0.92153,30,70.3082,198009680,0.65493
9,47,47,15.5378,531447360,0.92153,47,38.287,1848356240,0.92153,30,82.1985,34977488,0.65493
10,47,47,15.9039,1.844674407344223e+19,0.92153,47,40.0057,1960677008,0.92153,30,78.5306,0,0.65493
1,48,48,17.0896,1.844674407351909e+19,0.94182,48,38.9773,12518342320,0.94182,22,81.2353,242268768,0.71621
2,48,48,15.246,1.84467440727696e+19,0.94182,48,40.8339,2943863712,0.94182,22,92.7565,48,0.71621
3,48,48,16.9793,1.844674407277946e+19,0.94182,48,40.3874,1790041984,0.94182,22,87.5591,0,0.71621
4,48,48,16.4184,1.844674407311307e+19,0.94182,48,39.8976,2536504416,0.94182,22,87.6472,0,0.71621
5,48,48,16.4732,1.844674407324458e+19,0.94182,48,36.3695,15467701248,0.94182,22,81.1647,242268768,0.71621
6,48,48,15.586,1.844674407346569e+19,0.94182,48,40.0919,2415448320,0.94182,22,92.5552,0,0.71621
7,48,48,17.0555,1.844674407322718e+19,0.94182,48,37.9536,14094370928,0.94182,22,81.3516,242268768,0.71621
8,48,48,15.4378,1.844674407330077e+19,0.94182,48,38.4268,1904974416,0.94182,22,89.3431,0,0.71621
9,48,48,16.7979,1.844674407332892e+19,0.94182,48,38.6456,2437265296,0.94182,22,89.7553,0,0.71621
10,48,48,16.5155,1.844674407224734e+19,0.94182,48,36.9157,13341687440,0.94182,22,77.4878,242268768,0.71621
1,49,49,14.9859,1.844674407304247e+19,0.96028,49,38.608,2022812512,0.96028,25,84.0692,0,0.73265
2,49,49,16.5497,1.844674407224575e+19,0.96028,49,38.3657,1604333728,0.96028,25,87.826,0,0.73265
3,49,49,17.1825,52004304,0.96028,49,39.1239,1604333920,0.96028,25,83.0794,0,0.73265
4,49,49,16.3393,1.844674407308225e+19,0.96028,49,37.9679,6697635440,0.96028,25,87.7341,0,0.73265
5,49,49,17.135,1.844674407224575e+19,0.96028,49,39.1633,1681873040,0.96028,25,87.6751,102347392,0.73265
6,49,49,15.5311,1.844674407225537e+19,0.96028,49,39.2449,1604333728,0.96028,25,86.1313,7931536,0.73265
7,49,49,15.7365,1.844674407366376e+19,0.96028,49,36.2966,13413532224,0.96028,25,72.821,228904384,0.73265
8,49,49,15.1214,80580880,0.96028,49,38.3582,3598971168,0.96028,25,86.0444,0,0.73265
9,49,49,17.0247,1.844674407304432e+19,0.96028,49,35.7932,13553106976,0.96028,25,77.0307,228904384,0.73265
10,49,49,15.4565,1.844674407298117e+19,0.96028,49,38.8502,1969222496,0.96028,25,83.4288,0,0.73265
1,50,49,16.65,1.844674407230174e+19,0.96744,49,38.421,1604333568,0.96744,26,94.8719,0,0.76216
2,50,49,17.1304,1.844674407333574e+19,0.96744,49,39.0423,3080011600,0.96744,26,95.0308,0,0.76216
3,50,49,17.2605,1.844674407293767e+19,0.96744,49,36.5419,13269242064,0.96744,26,82.8821,252732800,0.76216
4,50,49,15.5651,1.844674407269781e+19,0.96744,49,38.8429,2079193440,0.96744,26,94.8372,0,0.76216
5,50,49,17.4169,1.844674407259846e+19,0.96744,49,36.6288,12949206576,0.96744,26,81.2151,252732848,0.76216
6,50,49,15.525,333763776,0.96744,49,39.0595,1933008560,0.96744,26,93.844,0,0.76216
7,50,49,17.2963,308993328,0.96744,49,39.1357,3299432768,0.96744,26,94.9205,32,0.76216
8,50,49,17.0828,1.844674407278686e+19,0.96744,49,37.3578,3232803312,0.96744,26,91.7837,0,0.76216
9,50,49,16.7161,1.844674407257718e+19,0.96744,49,36.8057,2642582368,0.96744,26,93.7127,0,0.76216
10,50,49,17.062,1.844674407237492e+19,0.96744,49,36.0073,13064141184,0.96744,26,81.4229,252731792,0.76216
1,51,51,15.6177,609466544,0.9593,51,39.3007,2392733168,0.9593,33,92.1213,0,0.70128
2,51,51,17.323,1.844674407224575e+19,0.9593,51,38.3669,2535747344,0.9593,33,90.5055,0,0.70128
3,51,51,16.8579,1.844674407224578e+19,0.9593,51,38.6328,1957720176,0.9593,33,91.7676,0,0.70128
4,51,51,16.9469,1.844674407224575e+19,0.9593,51,36.0864,12445775152,0.9593,33,78.9671,243209376,0.70128
5,51,51,15.0244,348609168,0.9593,51,38.7007,1604333568,0.9593,33,86.5744,0,0.70128
6,51,51,16.4761,1.844674407285062e+19,0.9593,51,36.3333,2570411680,0.9593,33,88.7776,0,0.70128
7,51,51,16.2981,1.844674407370266e+19,0.9593,51,36.4359,2109570048,0.9593,33,91.5816,0,0.70128
8,51,51,16.9083,1.844674407270067e+19,0.9593,51,38.5149,4223316768,0.9593,33,91.5524,0,0.70128
9,51,51,17.1381,1.844674407301712e+19,0.9593,51,38.8905,2302103824,0.9593,33,89.7159,0,0.70128
10,51,51,16.7669,1.844674407225115e+19,0.9593,51,35.9307,14179942640,0.9593,33,76.1554,243209376,0.70128
1,52,52,15.4925,1.84467440732228e+19,0.91765,52,36.4546,13186035488,0.91765,35,72.9999,225193776,0.68959
2,52,52,14.9727,1.84467440724551e+19,0.91765,52,39.7639,2049191568,0.91765,35,85.4837,0,0.68959
3,52,52,16.8104,1.844674407335731e+19,0.91765,52,39.9443,2460512592,0.91765,35,86.9988,48,0.68959
4,52,52,17.1061,1.844674407224628e+19,0.91765,52,40.0541,1604366608,0.91765,35,82.304,0,0.68959
5,52,52,16.3862,1.844674407325774e+19,0.91765,52,35.261,15467651472,0.91765,35,76.3062,225193776,0.68959
6,52,52,15.5076,1.844674407239183e+19,0.91765,52,39.5035,2483444768,0.91765,35,86.8687,0,0.68959
7,52,52,16.9384,1.844674407320693e+19,0.91765,52,40.6358,1604333728,0.91765,35,87.1687,144169040,0.68959
8,52,52,15.87,1.844674407238399e+19,0.91765,52,40.5592,1644677936,0.91765,35,86.6836,48,0.68959
9,52,52,16.949,1.844674407255156e+19,0.91765,52,38.4335,12963973616,0.91765,35,74.8577,225193776,0.68959
10,52,52,15.3514,1.844674407242127e+19,0.91765,52,35.9506,13777760608,0.91765,35,75.9279,225193824,0.68959
1,53,53,15.4185,63842720,0.94872,53,36.2119,13576723744,0.94872,9,73.3089,239558768,0.89818
2,53,53,14.8803,108011184,0.94872,53,37.4646,1704565968,0.94872,9,84.9798,48,0.89818
3,53,53,16.1525,1275437840,0.94872,53,35.7477,15467611968,0.94872,9,77.8158,239558768,0.89818
4,53,53,15.3931,88274592,0.94872,53,38.3704,12391631168,0.94872,9,77.9233,239558768,0.89818
5,53,53,15.4369,893059088,0.94872,53,37.4816,3111277104,0.94872,9,90.2492,48,0.89818
6,53,53,17.1196,1.844674407229202e+19,0.94872,53,36.6205,13812029936,0.94872,9,75.5469,239558768,0.89818
7,53,53,15.2716,1.844674407229481e+19,0.94872,53,38.1214,13476176512,0.94872,9,73.7397,239558768,0.89818
8,53,53,14.7203,72053408,0.94872,53,39.6005,1772371440,0.94872,9,83.7664,0,0.89818
9,53,53,16.4006,1.844674407290541e+19,0.94872,53,36.2237,14512157696,0.94872,9,76.6591,239558768,0.89818
10,53,53,15.2835,154015104,0.94872,53,36.6321,3865319072,0.94872,9,84.7617,0,0.89818
1,54,53,15.7692,1.844674407226391e+19,0.94731,53,39.0837,2211209616,0.94731,22,80.301,0,0.75703
2,54,53,16.5383,1.844674407289281e+19,0.94731,53,37.3948,6780964768,0.94731,22,79.6582,0,0.75703
3,54,53,16.3616,798682320,0.94731,53,39.4052,2416253424,0.94731,22,80.2246,0,0.75703
4,54,53,16.5425,1.84467440726627e+19,0.94731,53,38.8113,2233072400,0.94731,22,84.0973,0,0.75703
5,54,53,16.8578,1.84467440725185e+19,0.94731,53,36.425,12781121872,0.94731,22,72.6387,224370000,0.75703
6,54,53,15.2234,1.844674407313194e+19,0.94731,53,39.9963,1604333568,0.94731,22,84.1631,110467760,0.75703
7,54,53,15.7847,1.844674407332299e+19,0.94731,53,34.6376,15220064608,0.94731,22,72.2155,224370000,0.75703
8,54,53,15.329,1.844674407257952e+19,0.94731,53,36.422,10416981200,0.94731,22,74.1437,224370000,0.75703
9,54,53,15.5155,1.844674407243422e+19,0.94731,53,36.2941,14090071952,0.94731,22,69.8969,224370000,0.75703
10,54,53,15.0282,1.844674407300429e+19,0.94731,53,38.1497,14110069216,0.94731,22,73.9157,207621104,0.75703
1,55,55,16.7944,1.844674407276447e+19,0.95997,55,40.3798,2014734400,0.95997,46,109.4836,310183472,0.66746
2,55,55,16.0439,1.844674407357422e+19,0.95997,55,40.5952,2310294864,0.95997,46,103.4376,0,0.66746
3,55,55,16.6086,1.844674407244806e+19,0.95997,55,40.2389,2348377840,0.95997,46,108.8856,291085152,0.66746
4,55,55,15.9164,1.844674407351248e+19,0.95997,55,38.4511,5362248416,0.95997,46,107.4134,0,0.66746
5,55,55,16.9256,1.844674407352079e+19,0.95997,55,38.3296,2866278288,0.95997,46,109.164,0,0.66746
6,55,55,16.9026,355845520,0.95997,55,36.3007,7290265792,0.95997,46,105.09,0,0.66746
7,55,55,16.5805,1.844674407264299e+19,0.95997,55,38.3555,10228090032,0.95997,46,93.8208,329274928,0.66746
8,55,55,15.341,931533904,0.95997,55,37.5797,3414116112,0.95997,46,109.5389,0,0.66746
9,55,55,16.9989,1.844674407289472e+19,0.95997,55,35.642,12782680464,0.95997,46,96.2723,329274928,0.66746
10,55,55,15.564,183819376,0.95997,55,38.8656,3262690896,0.95997,46,102.5709,307701744,0.66746
1,56,56,16.5267,1108000944,0.90793,56,37.779,14209006656,0.90793,22,81.1662,257220720,0.77833
2,56,56,15.5364,1639772512,0.90793,56,36.7525,6104404944,0.90793,22,94.2436,0,0.77833
3,56,56,17.2318,1.844674407251575e+19,0.90793,56,38.269,2256269024,0.90793,22,88.0307,0,0.77833
4,56,56,16.9383,1.84467440727512e+19,0.90793,56,36.2543,2177845760,0.90793,22,92.2987,0,0.77833
5,56,56,16.9746,1.844674407325893e+19,0.90793,56,35.8928,13946862624,0.90793,22,79.1551,257220720,0.77833
6,56,56,15.2151,1.84467440727239e+19,0.90793,56,40.1886,3413766704,0.90793,22,86.8809,0,0.77833
7,56,56,16.4092,1285942080,0.90793,56,39.7002,3438930576,0.90793,22,87.9007,0,0.77833
8,56,56,16.4285,1.844674407326279e+19,0.90793,56,39.8922,2487846864,0.90793,22,90.4419,48,0.77833
9,56,56,16.2857,1.844674407240248e+19,0.90793,56,35.2611,13732195520,0.90793,22,79.2397,257220720,0.77833
10,56,56,15.2678,1.844674407231187e+19,0.90793,56,40.1528,2012497168,0.90793,22,86.6695,0,0.77833
1,57,57,16.504,1.844674407277097e+19,0.95484,57,34.4156,13332435488,0.95484,42,90.9388,302768208,0.67103
2,57,57,15.4277,1.844674407290418e+19,0.95484,57,39.5739,2314440864,0.95484,42,104.2589,0,0.67103
3,57,57,17.0584,1.844674407237903e+19,0.95484,57,37.6344,12396496240,0.95484,42,90.7683,302768208,0.67103
4,57,57,15.3429,1.844674407266774e+19,0.95484,57,40.4196,2591437584,0.95484,42,98.0835,0,0.67103
5,57,57,15.9635,1.844674407331919e+19,0.95484,57,35.5397,2114734048,0.95484,42,105.8428,0,0.67103
6,57,57,17.0212,1.844674407332387e+19,0.95484,57,40.2832,2369628304,0.95484,42,103.1213,0,0.67103
7,57,57,16.9275,1.844674407355032e+19,0.95484,57,39.2308,2917572560,0.95484,42,104.0384,0,0.67103
8,57,57,16.9537,69665024,0.95484,57,39.7198,2932614976,0.95484,42,103.9499,0,0.67103
9,57,57,17.1152,145936720,0.95484,57,38.0111,3009272288,0.95484,42,103.4191,0,0.67103
10,57,57,17.0578,225573712,0.95484,57,36.9722,3129142016,0.95484,42,105.4853,0,0.67103
1,58,58,16.6912,1.84467440723485e+19,0.96003,58,40.118,1672023696,0.96003,25,90.6407,48,0.78934
2,58,58,17.1273,1.844674407315699e+19,0.96003,58,36.7028,13615388320,0.96003,25,78.8403,254406016,0.78934
3,58,58,15.4186,194544608,0.96003,58,38.1307,1604333568,0.96003,25,88.8366,0,0.78934
4,58,58,16.5592,1050270944,0.96003,58,38.1419,4456862784,0.96003,25,85.5978,48,0.78934
5,58,58,16.4357,1.844674407253223e+19,0.96003,58,37.5221,13831063504,0.96003,25,74.6639,254406064,0.78934
6,58,58,14.7809,1548888192,0.96003,58,37.9664,3020344672,0.96003,25,86.0856,0,0.78934
7,58,58,16.3996,1.844674407364538e+19,0.96003,58,35.7242,13247205760,0.96003,25,78.773,254406032,0.78934
8,58,58,15.5322,1.844674407271073e+19,0.96003,58,40.403,2575169232,0.96003,25,84.9703,0,0.78934
9,58,58,16.4698,1.844674407255729e+19,0.96003,58,35.3643,13917714672,0.96003,25,78.4982,254406016,0.78934
10,58,58,15.4435,1.844674407243554e+19,0.96003,58,37.9814,2108165904,0.96003,25,84.5532,0,0.78934
1,59,59,15.9147,1.844674407229482e+19,0.92402,59,37.7475,1604333920,0.92402,10,90.8231,0,0.88155
2,59,59,16.7407,667523200,0.92402,59,39.7428,2407369248,0.92402,10,89.2758,240,0.88155
3,59,59,16.7438,810719952,0.92402,59,36.2722,13733176448,0.92402,10,76.2022,258157104,0.88155
4,59,59,15.0646,1.844674407290361e+19,0.92402,59,40.4138,1604334960,0.92402,10,89.3032,32,0.88155
5,59,59,16.8283,1.844674407224575e+19,0.92402,59,40.5077,1671369680,0.92402,10,85.7473,48,0.88155
6,59,59,16.3056,1.844674407299394e+19,0.92402,59,37.5064,1656031472,0.92402,10,91.7441,0,0.88155
7,59,59,17.0609,1.844674407332598e+19,0.92402,59,40.4708,1604333568,0.92402,10,91.7379,0,0.88155
8,59,59,17.1592,1.844674407224575e+19,0.92402,59,40.2263,1638896416,0.92402,10,90.8935,0,0.88155
9,59,59,16.662,1.844674407259917e+19,0.92402,59,35.893,13048993424,0.92402,10,75.0959,258157104,0.88155
10,59,59,14.7234,1.844674407276298e+19,0.92402,59,35.4861,15467620160,0.92402,10,75.1582,258157104,0.88155
1,60,60,15.6605,1.844674407261832e+19,0.92791,60,35.5407,1622475392,0.92791,34,105.6431,0,0.69172
2,60,60,16.5098,1.844674407226897e+19,0.92791,60,39.5855,1604333568,0.92791,34,108.2358,59372704,0.69172
3,60,60,15.7242,1.844674407248119e+19,0.92791,60,40.2998,3739158464,0.92791,34,106.0858,0,0.69172
4,60,60,16.7717,1.844674407268852e+19,0.92791,60,40.1005,2286200400,0.92791,34,106.4084,0,0.69172
5,60,60,16.6621,1.844674407259548e+19,0.92791,60,37.7287,2516532704,0.92791,34,106.3323,0,0.69172
6,60,60,16.7242,1.844674407268708e+19,0.92791,60,40.2919,1604333664,0.92791,34,102.3056,0,0.69172
7,60,60,16.3963,1.844674407282942e+19,0.92791,60,37.5318,14573888608,0.92791,34,95.1176,331043696,0.69172
8,60,60,15.4248,1.844674407308029e+19,0.92791,60,37.995,1931112752,0.92791,34,106.8552,32960,0.69172
9,60,60,16.8024,1.844674407347155e+19,0.92791,60,37.5015,12589294432,0.92791,34,90.6254,331043696,0.69172
10,60,60,14.7884,667447312,0.92791,60,39.7023,1622082240,0.92791,34,105.5875,0,0.69172
1,61,61,16.603,1.844674407243115e+19,0.92995,61,40.1659,1674404928,0.92995,46,91.1819,0,0.6924
2,61,61,16.7164,1.844674407252193e+19,0.92995,61,37.9144,12721101376,0.92995,46,79.4604,286691888,0.6924
3,61,61,14.7423,1.844674407350046e+19,0.92995,61,37.4846,3532894432,0.92995,46,90.4327,0,0.6924
4,61,61,16.1968,1.844674407350092e+19,0.92995,61,37.4627,14710620112,0.92995,46,79.9556,286691872,0.6924
5,61,61,14.8053,755857056,0.92995,61,37.8994,2333690656,0.92995,46,92.0155,0,0.6924
6,61,61,16.4825,1.84467440727738e+19,0.92995,61,39.6785,1686417616,0.92995,46,90.0174,0,0.6924
7,61,61,16.4522,1.844674407224575e+19,0.92995,61,37.2597,14583211664,0.92995,46,80.1912,198795168,0.6924
8,61,61,16.0804,1.844674407292633e+19,0.92995,61,37.7968,13429332064,0.92995,46,81.7523,286691888,0.6924
9,61,61,14.7365,1.844674407319213e+19,0.92995,61,37.6809,1812308928,0.92995,46,90.1218,0,0.6924
10,61,61,16.2753,1.844674407234221e+19,0.92995,61,39.3825,2524157744,0.92995,46,90.918,0,0.6924
1,62,63,16.5653,1.844674407241818e+19,0.93549,63,39.0837,1812095056,0.93549,51,109.6135,0,0.66024
2,62,63,16.7867,1.844674407258261e+19,0.93549,63,36.1815,12695593408,0.93549,51,90.8452,342614256,0.66024
3,62,63,14.9162,1.844674407254747e+19,0.93549,63,37.4544,1685748816,0.93549,51,104.3378,0,0.66024
4,62,63,16.2747,271033808,0.93549,63,36.2172,2009346784,0.93549,51,107.6918,249407984,0.66024
5,62,63,15.5964,1.844674407298409e+19,0.93549,63,38.2061,13141128800,0.93549,51,94.2147,342614272,0.66024
6,62,63,15.1362,1.84467440734732e+19,0.93549,63,39.87,1920663648,0.93549,51,103.2875,0,0.66024
7,62,63,16.4465,1.844674407271155e+19,0.93549,63,37.7326,12600926688,0.93549,51,93.5674,342614256,0.66024
8,62,63,15.0846,1.844674407354631e+19,0.93549,63,38.4855,3661170512,0.93549,51,111.4506,0,0.66024
9,62,63,16.8025,1.844674407253783e+19,0.93549,63,34.4212,15467626976,0.93549,51,93.9394,342614256,0.66024
10,62,63,15.0888,788122560,0.93549,63,38.1519,3163581584,0.93549,51,111.2485,560,0.66024
1,63,63,16.8423,285274464,0.94741,63,37.9538,1618245808,0.94741,25,107.1397,15490912,0.74586
2,63,63,14.9083,1.844674407354571e+19,0.94741,63,38.39,1619310304,0.94741,25,105.6116,150906448,0.74586
3,63,63,14.9231,1.844674407268782e+19,0.94741,63,39.4808,2943116544,0.94741,25,109.9215,0,0.74586
4,63,63,16.8604,1.844674407224575e+19,0.94741,63,39.5374,2975061312,0.94741,25,109.7601,0,0.74586
5,63,63,16.7747,370424320,0.94741,63,34.7471,14840159840,0.94741,25,94.5485,339147856,0.74586
6,63,63,15.0855,1.844674407365952e+19,0.94741,63,37.1244,13663131648,0.94741,25,94.468,339147808,0.74586
7,63,63,15.0635,1.844674407254304e+19,0.94741,63,39.7736,2844419728,0.94741,25,109.458,0,0.74586
8,63,63,16.9543,1.844674407224575e+19,0.94741,63,40.1695,2727942800,0.94741,25,104.5419,0,0.74586
9,63,63,16.7177,1.84467440728942e+19,0.94741,63,37.3415,13633868448,0.94741,25,96.413,339147856,0.74586
10,63,63,15.4593,299233424,0.94741,63,37.735,6286587664,0.94741,25,95.7033,339147808,0.74586
1,64,64,15.4291,1.844674407245283e+19,0.9078,64,40.477,2141977632,0.9078,24,110.4396,0,0.76157
2,64,64,16.2486,316747120,0.9078,64,39.8428,2077830048,0.9078,24,116.295,0,0.76157
3,64,64,16.6951,1.844674407226582e+19,0.9078,64,41.1926,1740727152,0.9078,24,113.4628,0,0.76157
4,64,64,16.936,1.844674407343741e+19,0.9078,64,38.2203,14415349888,0.9078,24,101.2198,380117728,0.76157
5,64,64,15.2679,920275872,0.9078,64,38.6778,2512591952,0.9078,24,115.8266,48,0.76157
6,64,64,16.8872,1.844674407284357e+19,0.9078,64,40.7742,2683577632,0.9078,24,115.1794,0,0.76157
7,64,64,16.8918,1.844674407265744e+19,0.9078,64,40.1634,1604333936,0.9078,24,113.1316,0,0.76157
8,64,64,16.7173,1.844674407224575e+19,0.9078,64,37.3368,13721585056,0.9078,24,101.0426,380117728,0.76157
9,64,64,15.1728,1.844674407353922e+19,0.9078,64,39.7717,3585545616,0.9078,24,112.7724,0,0.76157
10,64,64,16.6144,1.84467440726462e+19,0.9078,64,40.707,1673889696,0.9078,24,113.1122,0,0.76157
1,65,66,15.7615,1639860400,0.89645,66,38.3897,1605417744,0.89645,44,120.2091,0,0.6795
2,65,66,16.2719,108782480,0.89645,66,37.9761,3105888992,0.89645,44,120.0017,0,0.6795
3,65,66,16.4751,1.844674407285761e+19,0.89645,66,38.304,2524411520,0.89645,44,123.5429,96,0.6795
4,65,66,17.0213,1.844674407280131e+19,0.89645,66,38.3765,2609411936,0.89645,44,120.0222,0,0.6795
5,65,66,16.5868,1.844674407284013e+19,0.89645,66,37.9817,2363280992,0.89645,44,119.883,0,0.6795
6,65,66,16.6182,1.844674407230046e+19,0.89645,66,40.8062,2153235504,0.89645,44,120.4159,48,0.6795
7,65,66,16.9431,1.844674407322357e+19,0.89645,66,38.2684,14700220592,0.89645,44,103.1329,413810496,0.6795
8,65,66,15.1083,348992096,0.89645,66,37.3145,12467741872,0.89645,44,107.5174,413810496,0.6795
9,65,66,14.7647,1.844674407358904e+19,0.89645,66,39.4106,2375931920,0.89645,44,123.7005,0,0.6795
10,65,66,17.1325,1.844674407311676e+19,0.89645,66,38.3205,14528175136,0.89645,44,102.6635,413810496,0.6795
1,66,65,15.5319,1.844674407354598e+19,0.92891,65,37.6355,1627806368,0.92891,34,103.4492,0,0.66907
2,66,65,16.1431,1.844674407263169e+19,0.92891,65,37.4629,13891840384,0.92891,34,94.9391,348106000,0.66907
3,66,65,15.0955,669105520,0.92891,65,38.4331,1817947072,0.92891,34,109.7683,0,0.66907
4,66,65,16.7066,1.844674407326902e+19,0.92891,65,34.9369,15467629408,0.92891,34,92.5146,348106000,0.66907
5,66,65,15.0168,1.84467440722575e+19,0.92891,65,39.7755,1751771424,0.92891,34,107.5175,0,0.66907
6,66,65,16.9969,1.844674407224575e+19,0.92891,65,40.0236,1604366608,0.92891,34,105.5423,0,0.66907
7,66,65,16.7664,1.844674407300431e+19,0.92891,65,40.2408,2208539856,0.92891,34,108.2126,33040,0.66907
8,66,65,17.0805,1.844674407229492e+19,0.92891,65,40.3117,2096523504,0.92891,34,105.6403,0,0.66907
9,66,65,16.4862,1.84467440727616e+19,0.92891,65,37.6367,12696907216,0.92891,34,89.3469,21045936,0.66907
10,66,65,15.5984,25490880,0.92891,65,37.6004,1927898032,0.92891,34,102.2045,0,0.66907
1,67,67,15.5749,1.844674407237052e+19,0.92132,67,38.6694,1604333568,0.92132,19,114.0599,0,0.73003
2,67,67,16.1345,1.844674407230324e+19,0.92132,67,36.6603,13227413488,0.92132,19,100.4775,405099392,0.73003
3,67,67,14.5893,1236986048,0.92132,67,37.6543,4171843504,0.92132,19,122.7556,48,0.73003
4,67,67,16.8816,1.844674407289973e+19,0.92132,67,36.1581,12981265072,0.92132,19,105.0658,405099392,0.73003
5,67,67,14.9486,1.844674407230121e+19,0.92132,67,37.4561,13353173824,0.92132,19,104.5737,405099392,0.73003
6,67,67,15.1811,691564304,0.92132,67,35.9901,13529112544,0.92132,19,99.5529,405099392,0.73003
7,67,67,14.7799,1.844674407261315e+19,0.92132,67,40.3006,1604335472,0.92132,19,113.2409,48,0.73003
8,67,67,16.3583,1.844674407294726e+19,0.92132,67,37.2264,13320037552,0.92132,19,102.0286,405099392,0.73003
9,67,67,14.8835,268488656,0.92132,67,35.871,10173828016,0.92132,19,122.8368,0,0.73003
10,67,67,17.0573,1.844674407224575e+19,0.92132,67,39.6096,3206681472,0.92132,19,120.8762,0,0.73003
1,68,68,17.121,1.844674407245992e+19,0.95135,68,36.8935,14686303200,0.92714,48,102.4905,421847696,0.68597
2,68,68,15.0164,158347072,0.95135,68,37.0249,2503572960,0.92714,48,123.166,14507632,0.68597
3,68,68,15.6487,1.844674407227242e+19,0.95135,68,39.5015,1936036416,0.92714,48,119.6235,181407952,0.68597
4,68,68,15.6748,1.844674407258415e+19,0.95135,68,40.4638,2445743840,0.92714,48,105.0701,421847680,0.68597
5,68,68,15.2691,1.844674407231507e+19,0.95135,68,39.871,2013118992,0.92714,48,115.1717,0,0.68597
6,68,68,15.7977,916128080,0.95135,68,38.2292,3924787248,0.92714,48,117.597,0,0.68597
7,68,68,16.2083,265112544,0.95135,68,35.6099,14530377456,0.92714,48,104.8792,421847696,0.68597
8,68,68,15.0535,287158304,0.95135,68,39.9323,2861417664,0.92714,48,115.8471,190942416,0.68597
9,68,68,14.976,1.844674407323599e+19,0.95135,68,35.2305,14384966656,0.92714,48,102.0986,421847664,0.68597
10,68,68,14.5744,1.844674407292735e+19,0.95135,68,37.8814,1747035936,0.92714,48,122.0792,0,0.68597
1,69,69,16.8138,1.844674407253725e+19,0.91728,69,39.9582,1909982560,0.91728,45,111.4081,0,0.59776
2,69,69,16.7598,1.844674407322561e+19,0.91728,69,39.8908,2063286448,0.91728,45,109.5632,0,0.59776
3,69,69,16.5799,1.844674407236425e+19,0.91728,69,36.0696,15467636240,0.91728,45,95.5596,372340144,0.59776
4,69,69,14.9925,5507568,0.91728,69,35.6696,13304236048,0.91728,45,92.8907,372340112,0.59776
5,69,69,14.9085,251129680,0.91728,69,39.4778,2389178544,0.91728,45,105.9892,0,0.59776
6,69,69,16.2107,1.844674407278846e+19,0.91728,69,39.281,2398584976,0.91728,45,110.8523,0,0.59776
7,69,69,16.2719,564965248,0.91728,69,38.46,1676847072,0.91728,45,110.8175,4176,0.59776
8,69,69,16.3191,1551862512,0.91728,69,37.2978,1836808416,0.91728,45,106.4919,48,0.59776
9,69,69,16.4082,1.844674407224575e+19,0.91728,69,40.3059,2296898784,0.91728,45,110.8646,218868576,0.59776
10,69,69,15.2548,1.844674407297425e+19,0.91728,69,39.0857,2363151872,0.91728,45,104.387,0,0.59776
1,70,70,16.0718,1.844674407307893e+19,0.91857,70,40.2537,1631511504,0.91857,46,114.2438,48,0.64721
2,70,70,16.2772,1.844674407325306e+19,0.91857,70,34.965,13673202176,0.91857,46,102.7509,409493840,0.64721
3,70,70,15.1203,1.844674407265192e+19,0.91857,70,37.3897,13141096064,0.91857,46,104.7886,409493840,0.64721
4,70,70,15.1189,177797376,0.91857,70,37.8114,8321961952,0.91857,46,104.0752,409493840,0.64721
5,70,70,15.3379,1.84467440722554e+19,0.91857,70,38.2177,14449565568,0.91857,46,104.0939,409493840,0.64721
6,70,70,15.2782,778459296,0.91857,70,40.6611,2312466576,0.91857,46,118.815,0,0.64721
7,70,70,16.6751,1.844674407224575e+19,0.91857,70,40.1271,2351294624,0.91857,46,116.735,48,0.64721
8,70,70,16.6075,1.844674407263725e+19,0.91857,70,36.4498,13857436048,0.91857,46,99.509,409493840,0.64721
9,70,70,14.8133,231758832,0.91857,70,37.2866,3310188944,0.91857,46,115.6332,0,0.64721
10,70,70,16.3893,1.844674407296463e+19,0.91857,70,39.3089,1610929744,0.91857,46,112.3665,0,0.64721
1,71,71,16.2313,1.844674407310434e+19,0.93608,71,35.8469,13470255936,0.93608,60,110.22,453216688,0.57649
2,71,71,15.1136,1.844674407238542e+19,0.93608,71,39.7452,1604366800,0.93608,60,123.3772,0,0.57649
3,71,71,16.2617,1.844674407327109e+19,0.93608,71,36.2372,13668598624,0.93608,60,109.6277,453216704,0.57649
4,71,71,15.1658,1.844674407285659e+19,0.93608,71,39.9476,1978381984,0.93608,60,119.6042,408189808,0.57649
5,71,71,15.324,1.844674407326785e+19,0.93608,71,39.3258,4058183056,0.93608,60,120.4997,0,0.57649
6,71,71,16.3366,1.844674407283351e+19,0.93608,71,39.5335,2659757424,0.93608,60,123.7156,0,0.57649
7,71,71,16.655,1.844674407233715e+19,0.93608,71,39.3264,1643204576,0.93608,60,120.4193,0,0.57649
8,71,71,16.2394,1.844674407284599e+19,0.93608,71,37.5106,13193043952,0.93608,60,104.0995,453216688,0.57649
9,71,71,14.5096,46633952,0.93608,71,38.0426,2513694992,0.93608,60,122.0593,0,0.57649
10,71,71,16.3381,1.84467440724139e+19,0.93608,71,39.673,1639148240,0.93608,60,120.2203,0,0.57649
1,72,71,16.4548,1216803696,0.92108,71,38.4385,1749681168,0.92108,40,120.0077,0,0.70812
2,72,71,16.1005,1.844674407260809e+19,0.92108,71,39.5265,2502634096,0.92108,40,119.3543,0,0.70812
3,72,71,16.552,1.844674407308442e+19,0.92108,71,40.24,2851324912,0.92108,40,119.068,61356288,0.70812
4,72,71,15.1969,80495840,0.92108,71,37.7546,1917740272,0.92108,40,127.1406,0,0.70812
5,72,71,16.6998,1.844674407264081e+19,0.92108,71,37.1989,13091614176,0.92108,40,108.9552,457662512,0.70812
6,72,71,14.8848,1.844674407350952e+19,0.92108,71,35.7229,14829172416,0.92108,40,103.8047,457662512,0.70812
7,72,71,14.3591,1103383344,0.92108,71,38.2874,1987704560,0.92108,40,122.115,149870464,0.70812
8,72,71,16.3725,1.844674407326858e+19,0.92108,71,38.0587,1820131968,0.92108,40,120.9741,48,0.70812
9,72,71,16.182,43640448,0.92108,71,37.3988,2947853616,0.92108,40,120.4969,48,0.70812
10,72,71,16.9504,1.844674407229847e+19,0.92108,71,40.0209,2018406032,0.92108,40,118.2591,48,0.70812
1,73,73,16.0226,1.844674407256251e+19,0.94066,73,37.3926,2922613216,0.94066,44,128.8084,0,0.61112
2,73,73,16.1707,1.8446744072602e+19,0.94066,73,39.2411,1742242352,0.94066,44,131.3546,325698080,0.61112
3,73,73,15.1876,1.844674407274439e+19,0.94066,73,39.9053,2023893232,0.94066,44,133.8399,0,0.61112
4,73,73,16.5644,1.844674407249699e+19,0.94066,73,37.4393,12902050864,0.94066,44,114.832,504856576,0.61112
5,73,73,14.9389,1.844674407356964e+19,0.94066,73,38.6555,2521053296,0.94066,44,133.9858,0,0.61112
6,73,73,16.7055,1.844674407293866e+19,0.94066,73,36.9694,12951248176,0.94066,44,117.2108,294562448,0.61112
7,73,73,16.1219,1.844674407292867e+19,0.94066,73,37.2877,14683015904,0.94066,44,117.7884,504856576,0.61112
8,73,73,15.0931,131071120,0.94066,73,35.984,12895305248,0.94066,44,114.7975,504856576,0.61112
9,73,73,15.1006,1.844674407239289e+19,0.94066,73,39.8442,3042632512,0.94066,44,134.2481,48,0.61112
10,73,73,16.5835,1.844674407233425e+19,0.94066,73,39.0917,1669929072,0.94066,44,131.1405,0,0.61112
1,74,74,16.4268,1.844674407365698e+19,0.92035,74,38.6743,2017009296,0.92035,49,141.2479,288,0.69492
2,74,74,16.2588,1.844674407224575e+19,0.92035,74,39.2026,2113619808,0.92035,49,137.038,0,0.69492
3,74,74,15.5821,1201752624,0.92035,74,35.4998,12932205184,0.92035,49,120.2694,583194800,0.69492
4,74,74,14.6221,1.844674407256272e+19,0.92035,74,39.1514,2043272720,0.92035,49,136.4189,0,0.69492
5,74,74,15.9757,1.844674407284177e+19,0.92035,74,34.4676,13185159088,0.92035,49,120.1086,583194800,0.69492
6,74,74,14.1719,253746352,0.92035,74,38.0902,3863054752,0.92035,49,137.7733,348053008,0.69492
7,74,74,14.9835,1.844674407278789e+19,0.92035,74,37.536,13999696096,0.92035,49,119.8571,583194800,0.69492
8,74,74,14.6103,1.844674407302651e+19,0.92035,74,39.5009,1634303696,0.92035,49,136.0022,96,0.69492
9,74,74,15.8265,1.844674407285035e+19,0.92035,74,35.3997,13920213360,0.92035,49,124.1033,583194800,0.69492
10,74,74,14.7498,1.844674407229908e+19,0.92035,74,39.4816,1897412592,0.92035,49,136.1225,0,0.69492
1,75,75,16.1231,1.844674407258454e+19,0.95486,75,39.3982,2212321280,0.95486,26,134.6851,0,0.8144
2,75,75,15.8741,1.844674407224575e+19,0.95486,75,39.1114,1990828352,0.95486,26,141.0233,48,0.8144
3,75,75,16.1775,1.844674407224575e+19,0.95486,75,39.4129,1604333872,0.95486,26,141.2625,0,0.8144
4,75,75,16.6309,1.844674407262856e+19,0.95486,75,37.5971,14057590752,0.95486,26,120.899,541697952,0.8144
5,75,75,14.8289,1.844674407235878e+19,0.95486,75,39.5743,2263384880,0.95486,26,132.732,55295840,0.8144
6,75,75,14.835,1.844674407311323e+19,0.95486,75,39.8548,1630958928,0.95486,26,134.0445,64,0.8144
7,75,75,15.8542,47095248,0.95486,75,37.5446,1825587104,0.95486,26,135.1676,0,0.8144
8,75,75,16.0161,129486784,0.95486,75,39.2594,3145278176,0.95486,26,132.872,0,0.8144
9,75,75,16.1077,1.844674407280307e+19,0.95486,75,37.361,13820457536,0.95486,26,116.7084,541698128,0.8144
10,75,75,14.9668,1.844674407296567e+19,0.95486,75,39.788,2003360512,0.95486,26,140.1267,0,0.8144
1,76,75,16.1118,1.844674407320086e+19,0.96295,75,37.7691,13985235136,0.96295,45,108.6683,481816496,0.70907
2,76,75,14.8283,804075760,0.96295,75,37.7667,2133567824,0.96295,45,129.1593,190042832,0.70907
3,76,75,15.0794,1.844674407285116e+19,0.96295,75,39.6425,1604333648,0.96295,45,123.9335,0,0.70907
4,76,75,16.5115,1.84467440734012e+19,0.96295,75,39.4519,4466776240,0.96295,45,119.5571,48,0.70907
5,76,75,15.9692,1.844674407341871e+19,0.96295,75,37.6142,3354528128,0.96295,45,129.3589,128,0.70907
6,76,75,16.0527,1.844674407292116e+19,0.96295,75,35.0039,15467774464,0.96295,45,108.6383,481816464,0.70907
7,76,75,14.7837,1.844674407331442e+19,0.96295,75,38.2781,1604333664,0.96295,45,126.2423,48,0.70907
8,76,75,16.5528,1.844674407303602e+19,0.96295,75,39.7186,1751981424,0.96295,45,126.1141,171187920,0.70907
9,76,75,14.9679,278323360,0.96295,75,38.056,2644982560,0.96295,45,121.7543,48,0.70907
10,76,75,16.0748,1.844674407258445e+19,0.96295,75,37.1505,13078923136,0.96295,45,104.5901,481816464,0.70907
1,77,76,14.6821,1461180288,0.94581,76,35.3153,13229776320,0.94581,25,110.3131,489834128,0.74952
2,77,76,14.7969,1.844674407357652e+19,0.94581,76,37.3604,13417847888,0.94581,25,110.0926,489834128,0.74952
3,77,76,14.8455,1.844674407300229e+19,0.94581,76,39.3319,3123582832,0.94581,25,128.3136,96,0.74952
4,77,76,16.2696,1559337216,0.94581,76,35.9251,13704415232,0.94581,25,106.9789,489834128,0.74952
5,77,76,14.6899,673800640,0.94581,76,39.1821,1604333568,0.94581,25,121.3796,0,0.74952
6,77,76,15.913,1.844674407252147e+19,0.94581,76,35.5339,12806054672,0.94581,25,112.3829,489834128,0.74952
7,77,76,15.2419,1.844674407252258e+19,0.94581,76,39.8901,1604333568,0.94581,25,128.007,0,0.74952
8,77,76,16.7264,1.844674407332967e+19,0.94581,76,37.0046,1772802224,0.94581,25,124.5537,0,0.74952
9,77,76,16.3755,1.844674407325349e+19,0.94581,76,38.5563,2567513232,0.94581,25,129.1349,992,0.74952
10,77,76,16.9245,1.844674407224575e+19,0.94581,76,38.7896,1620365936,0.94581,25,125.8805,96,0.74952
1,78,77,16.2436,473800064,0.93021,77,39.1627,2469294960,0.93021,73,137.3746,48,0.63592
2,78,77,16.5026,1.844674407224575e+19,0.93021,77,38.6588,1707775680,0.93021,73,132.2552,4032,0.63592
3,78,77,15.3948,705013216,0.93021,77,35.2337,13582739248,0.93021,73,121.11,553233936,0.63592
4,78,77,15.2043,1.844674407246143e+19,0.93021,77,37.1021,14892364688,0.93021,73,122.229,553237296,0.63592
5,78,77,14.9665,1.84467440731354e+19,0.93021,77,39.8969,1604333808,0.93021,73,140.3086,48,0.63592
6,78,77,16.4676,1.844674407260491e+19,0.93021,77,40.6102,1604333696,0.93021,73,140.018,0,0.63592
7,78,77,16.6598,1.844674407227293e+19,0.93021,77,38.7407,1604333568,0.93021,73,132.7321,48,0.63592
8,78,77,16.4061,1.844674407227401e+19,0.93021,77,38.8266,1811463232,0.93021,73,136.4837,0,0.63592
9,78,77,15.9917,1.844674407228642e+19,0.93021,77,39.5858,2426324080,0.93021,73,131.7313,96,0.63592
10,78,77,15.95,1.844674407298409e+19,0.93021,77,37.4137,2573127696,0.93021,73,133.6806,0,0.63592
1,79,79,16.0954,1.844674407272085e+19,0.93386,79,40.234,2128206368,0.93386,69,166.851,48,0.66048
2,79,79,16.8743,1.844674407252759e+19,0.93386,79,40.2171,1647724272,0.93386,69,166.4794,0,0.66048
3,79,79,16.6984,1.844674407330826e+19,0.93386,79,36.2324,13870233408,0.93386,69,145.4599,696803008,0.66048
4,79,79,15.2294,1.844674407253335e+19,0.93386,79,40.3139,1795913168,0.93386,69,156.9112,0,0.66048
5,79,79,15.9812,1.844674407331303e+19,0.93386,79,39.3036,1915805344,0.93386,69,162.1966,0,0.66048
6,79,79,16.5495,1.844674407224575e+19,0.93386,79,40.5555,1679011216,0.93386,69,166.3533,0,0.66048
7,79,79,16.6655,1.844674407225267e+19,0.93386,79,37.9261,13056539488,0.93386,69,141.1166,696803008,0.66048
8,79,79,14.5734,1639856256,0.93386,79,36.7092,2790439888,0.93386,69,169.862,0,0.66048
9,79,79,16.8213,1.844674407321076e+19,0.93386,79,39.3528,3433555328,0.93386,69,156.1926,0,0.66048
10,79,79,15.8421,1.844674407265341e+19,0.93386,79,37.4117,13512760464,0.93386,69,141.5987,492454144,0.66048
1,80,80,15.9422,1.844674407224575e+19,0.958,80,38.4188,13287454608,0.958,42,127.0048,632151584,0.69553
2,80,80,15.087,1.84467440728502e+19,0.958,80,37.7886,13568514560,0.958,42,128.7259,632151584,0.69553
3,80,80,15.2457,1.844674407345219e+19,0.958,80,39.8646,2404660224,0.958,42,140.8454,48,0.69553
4,80,80,15.8503,1.844674407317463e+19,0.958,80,34.2847,13492560752,0.958,42,121.7525,632151584,0.69553
5,80,80,14.5094,1498417200,0.958,80,34.9005,13607960928,0.958,42,127.3027,124574896,0.69553
6,80,80,15.5372,1.844674407236096e+19,0.958,80,35.3188,14303543248,0.958,42,125.8459,632151632,0.69553
7,80,80,14.7057,1.844674407358925e+19,0.958,80,39.5129,2372250384,0.958,42,146.997,0,0.69553
8,80,80,16.3542,1.844674407320084e+19,0.958,80,38.515,1820634960,0.958,42,139.9842,511553680,0.69553
9,80,80,14.8401,1.844674407241843e+19,0.958,80,37.0488,13572487312,0.958,42,126.3895,632151584,0.69553
10,80,80,14.667,1200020272,0.958,80,37.2501,3371900384,0.958,42,143.2626,0,0.69553
1,81,80,15.9025,1.84467440722671e+19,0.9022,80,37.5353,14251440624,0.9022,17,116.8352,557314144,0.82176
2,81,80,14.545,24253344,0.9022,80,37.3908,13037589776,0.9022,17,120.9947,557314144,0.82176
3,81,80,15.0259,1.844674407319272e+19,0.9022,80,37.5612,13448313440,0.9022,17,120.8701,557314144,0.82176
4,81,80,14.684,1639776656,0.9022,80,35.508,14624927792,0.9022,17,121.5723,557314192,0.82176
5,81,80,15.1635,1.844674407350468e+19,0.9022,80,37.9692,12639772112,0.9022,17,121.1294,557314144,0.82176
6,81,80,15.2262,1.844674407354285e+19,0.9022,80,36.7379,14688523648,0.9022,17,121.4693,557314144,0.82176
7,81,80,14.9321,447471616,0.9022,80,37.4464,2873967872,0.9022,17,141.667,0,0.82176
8,81,80,16.6698,1.844674407304696e+19,0.9022,80,40.5561,2163551920,0.9022,17,139.0357,48,0.82176
9,81,80,16.694,1.844674407253903e+19,0.9022,80,38.6873,1870111040,0.9022,17,137.6209,96,0.82176
10,81,80,16.3691,1.844674407262281e+19,0.9022,80,37.4778,1945261184,0.9022,17,137.6701,0,0.82176
1,82,82,15.7772,1.844674407262589e+19,0.94735,82,37.7652,12794181584,0.94735,38,129.3123,624386912,0.75217
2,82,82,14.8005,1.844674407244417e+19,0.94735,82,37.6725,13555991216,0.94735,38,123.4447,624386960,0.75217
3,82,82,14.64,1.844674407245283e+19,0.94735,82,35.7825,13148869184,0.94735,38,126.8208,624386912,0.75217
4,82,82,14.8651,16943264,0.94735,82,38.9774,1604333648,0.94735,38,147.5673,0,0.75217
5,82,82,16.6362,1.844674407244646e+19,0.94735,82,37.826,14132968672,0.94735,38,128.5879,624386912,0.75217
6,82,82,15.0414,1.844674407344084e+19,0.94735,82,37.2206,13482324496,0.94735,38,129.7202,624386912,0.75217
7,82,82,15.0473,1.844674407306414e+19,0.94735,82,39.8103,2436736416,0.94735,38,148.1599,0,0.75217
8,82,82,16.6818,1.84467440734603e+19,0.94735,82,39.834,1750638016,0.94735,38,147.3206,0,0.75217
9,82,82,16.6429,1.844674407324565e+19,0.94735,82,37.5373,1946108160,0.94735,38,150.1568,0,0.75217
10,82,82,16.5305,444406848,0.94735,82,39.4184,1604893440,0.94735,38,144.8189,0,0.75217
1,83,82,16.68,1.844674407291533e+19,0.93968,82,39.9255,1994640624,0.93968,40,135.1234,480797536,0.68356
2,83,82,15.2607,1.844674407238514e+19,0.93968,82,39.6812,2468571024,0.93968,40,133.6516,48,0.68356
3,83,82,16.3373,1.844674407347961e+19,0.93968,82,39.4496,1921752368,0.93968,40,133.0476,0,0.68356
4,83,82,16.2961,1351661136,0.93968,82,37.7062,4380296080,0.93968,40,130.061,0,0.68356
5,83,82,15.8837,1.844674407362526e+19,0.93968,82,37.209,3344988352,0.93968,40,136.8497,199904704,0.68356
6,83,82,15.6079,1.8446744072851e+19,0.93968,82,39.8724,1866597808,0.93968,40,135.3297,0,0.68356
7,83,82,16.6973,1.844674407315216e+19,0.93968,82,40.7088,1736306144,0.93968,40,132.3757,354309664,0.68356
8,83,82,14.92,589642080,0.93968,82,37.3465,2337312176,0.93968,40,129.7903,123175856,0.68356
9,83,82,14.98,1.844674407227455e+19,0.93968,82,37.2871,13678434944,0.93968,40,115.2889,552941568,0.68356
10,83,82,14.7357,1.844674407228948e+19,0.93968,82,37.4898,13535025104,0.93968,40,118.8831,552941568,0.68356
1,84,84,15.2042,1.844674407263278e+19,0.9355,84,35.2321,13429750816,0.9355,32,131.5203,704371776,0.77859
2,84,84,14.3804,1.84467440722543e+19,0.9355,84,38.2421,3592864016,0.9355,32,152.1057,0,0.77859
3,84,84,16.0818,1.844674407302883e+19,0.9355,84,39.4072,1752879200,0.9355,32,152.285,0,0.77859
4,84,84,15.9052,1.844674407240458e+19,0.9355,84,39.0671,3004156320,0.9355,32,156.3791,48,0.77859
5,84,84,16.3187,1.844674407282535e+19,0.9355,84,39.2864,2366165296,0.9355,32,159.0402,1728,0.77859
6,84,84,15.5155,1.844674407342576e+19,0.9355,84,36.8161,13179216672,0.9355,32,133.3325,678985392,0.77859
7,84,84,15.6003,1.844674407297152e+19,0.9355,84,37.7731,1935340368,0.9355,32,162.9197,0,0.77859
8,84,84,16.585,1.844674407224575e+19,0.9355,84,37.9512,12703666496,0.9355,32,134.8028,704371776,0.77859
9,84,84,14.7462,1.844674407363424e+19,0.9355,84,36.2233,14450567328,0.9355,32,135.4816,704371776,0.77859
10,84,84,14.7777,1.844674407284468e+19,0.9355,84,36.4914,15306213872,0.9355,32,137.2249,633731792,0.77859
1,85,84,15.9524,1.84467440731526e+19,0.91439,84,39.1412,1812774240,0.91439,37,143.6244,208,0.77983
2,85,84,15.6999,609175312,0.91439,84,37.6787,2059502016,0.91439,37,144.5344,0,0.77983
3,85,84,16.0837,1.844674407316176e+19,0.91439,84,39.1395,1879909088,0.91439,37,143.3692,0,0.77983
4,85,84,16.0194,1.84467440731227e+19,0.91439,84,35.5345,12624132864,0.91439,37,131.5857,641113408,0.77983
5,85,84,15.0367,1.844674407312698e+19,0.91439,84,39.8442,3445429488,0.91439,37,147.1128,48,0.77983
6,85,84,16.29,1.844674407340491e+19,0.91439,84,35.2489,15467659328,0.91439,37,131.0196,641113408,0.77983
7,85,84,14.7825,1.844674407315947e+19,0.91439,84,40.0556,3630590416,0.91439,37,151.6573,48,0.77983
8,85,84,16.294,1.844674407240154e+19,0.91439,84,40.2404,1628835648,0.91439,37,149.5863,560694960,0.77983
9,85,84,15.4118,1.844674407302916e+19,0.91439,84,38.6563,1662166112,0.91439,37,135.7264,641113408,0.77983
10,85,84,15.4425,504181584,0.91439,84,39.9027,2670366480,0.91439,37,143.7768,0,0.77983
1,86,88,16.5352,1.84467440732235e+19,0.92174,88,40.3532,1808532464,0.92174,36,144.5608,816,0.75
2,86,88,16.4978,1.844674407289045e+19,0.92174,88,39.6639,3023035040,0.92174,36,146.7154,0,0.75
3,86,88,16.4525,1.844674407272996e+19,0.92174,88,39.8224,3227021680,0.92174,36,144.0764,300989616,0.75
4,86,88,14.8946,1.84467440736029e+19,0.92174,88,36.8893,14685959280,0.92174,36,128.851,619842992,0.75
5,86,88,14.8903,1.844674407236366e+19,0.92174,88,39.8592,1845487840,0.92174,36,140.2508,48,0.75
6,86,88,16.1073,1.844674407247913e+19,0.92174,88,39.8452,1915362272,0.92174,36,139.6598,0,0.75
7,86,88,15.8683,1.844674407225737e+19,0.92174,88,39.8161,1604333664,0.92174,36,140.2718,81613728,0.75
8,86,88,14.4933,1639842096,0.92174,88,38.4683,1994789312,0.92174,36,147.1518,591067504,0.75
9,86,88,15.3275,1.844674407313205e+19,0.92174,88,39.8668,1604335552,0.92174,36,140.1023,0,0.75
10,86,88,16.3418,1.844674407360377e+19,0.92174,88,37.8879,4679769856,0.92174,36,129.3837,619842992,0.75
1,87,88,14.5956,292199792,0.93706,87,39.2974,1646644064,0.9374,31,163.6772,64,0.78624
2,87,88,16.6859,1.844674407224575e+19,0.93706,87,37.6516,13903456784,0.9374,31,143.6309,734582912,0.78624
3,87,88,15.1563,1.844674407356062e+19,0.93706,87,40.0544,2369474288,0.9374,31,164.7838,0,0.78624
4,87,88,16.6452,1.844674407224575e+19,0.93706,87,37.2806,12558703216,0.9374,31,136.8624,734582912,0.78624
5,87,88,14.5173,1.844674407249313e+19,0.93706,87,39.2205,4204824576,0.9374,31,156.0049,203665856,0.78624
6,87,88,14.9059,810896752,0.93706,87,36.7738,14691938464,0.9374,31,141.108,734582960,0.78624
7,87,88,14.7317,1639787520,0.93706,87,35.4492,14780264144,0.9374,31,141.0875,734582912,0.78624
8,87,88,14.6917,225114656,0.93706,87,38.939,1729530768,0.9374,31,163.5919,0,0.78624
9,87,88,16.4089,823468800,0.93706,87,37.9406,13450338864,0.9374,31,139.8286,734582912,0.78624
10,87,88,14.8775,1639828688,0.93706,87,35.1185,15058570832,0.9374,31,136.6013,734582912,0.78624
1,88,88,14.7218,1017183632,0.94208,88,38.1569,2012042928,0.94208,57,151.0172,0,0.63895
2,88,88,16.0945,1.84467440731653e+19,0.94208,88,37.6165,1714194224,0.94208,57,164.7252,48,0.63895
3,88,88,18.2252,1.844674407224575e+19,0.94208,88,43.0733,3519747888,0.94208,57,176.3899,489211888,0.63895
4,88,88,16.9279,1.844674407258241e+19,0.94208,88,41.9439,1604366544,0.94208,57,166.8469,337746336,0.63895
5,88,88,15.8877,1.84467440723204e+19,0.94208,88,40.8567,1947814480,0.94208,57,165.7775,272671488,0.63895
6,88,88,15.8013,1.844674407241315e+19,0.94208,88,38.0793,14106861728,0.94208,57,142.319,702940176,0.63895
7,88,88,15.3489,1.844674407238011e+19,0.94208,88,38.3034,14430461808,0.94208,57,144.3668,702940224,0.63895
8,88,88,15.4281,1.844674407361081e+19,0.94208,88,36.3697,13752467664,0.94208,57,137.3665,702940176,0.63895
9,88,88,14.9893,1.844674407293396e+19,0.94208,88,35.7981,13704975840,0.94208,57,143.5865,703694544,0.63895
10,88,88,15.3453,1.844674407275764e+19,0.94208,88,40.5007,1834866272,0.94208,57,169.6531,3392,0.63895
1,89,88,17.2931,339160240,0.94173,88,40.2946,2469679888,0.94173,36,165.7047,500236400,0.75321
2,89,88,16.1784,1.844674407253504e+19,0.94173,88,38.1827,12028679712,0.94173,36,140.5815,661859776,0.75321
3,89,88,15.2961,1.844674407327233e+19,0.94173,88,38.2019,1792571920,0.94173,36,162.4185,224,0.75321
4,89,88,17.1035,1.844674407319596e+19,0.94173,88,38.4625,2716599744,0.94173,36,145.3964,661859776,0.75321
5,89,88,15.5792,560017968,0.94173,88,38.5542,2329531616,0.94173,36,162.6677,48,0.75321
6,89,88,17.2201,1.844674407292524e+19,0.94173,88,40.2699,1605940672,0.94173,36,152.9244,33648,0.75321
7,89,88,16.9301,1.844674407224575e+19,0.94173,88,37.5316,15164598304,0.94173,36,132.6106,661859776,0.75321
8,89,88,14.897,1639868832,0.94173,88,37.6949,3020260032,0.94173,36,157.8513,0,0.75321
9,89,88,16.656,1.844674407265476e+19,0.94173,88,40.436,1831415072,0.94173,36,157.043,0,0.75321
10,89,88,16.8677,1.844674407272467e+19,0.94173,88,38.1248,1753607712,0.94173,36,160.3863,0,0.75321
1,90,91,16.6872,1.844674407224575e+19,0.9382,91,39.894,2863561728,0.9382,83,193.4155,138212288,0.63938
2,90,91,15.7369,1.844674407269218e+19,0.9382,91,37.6885,13542450800,0.9382,83,161.6433,913970288,0.63938
3,90,91,15.0059,1.844674407292661e+19,0.9382,91,39.9575,2825765232,0.9382,83,190.78,492417760,0.63938
4,90,91,15.5261,1.844674407281081e+19,0.9382,91,40.8223,2328012560,0.9382,83,180.1656,0,0.63938
5,90,91,16.2741,189044112,0.9382,91,37.937,3869523216,0.9382,83,190.396,870137264,0.63938
6,90,91,15.459,1.844674407342454e+19,0.9382,91,36.5598,13277697984,0.9382,83,165.3969,913973808,0.63938
7,90,91,15.0469,1.844674407275564e+19,0.9382,91,38.0276,3466042048,0.9382,83,185.9541,820313968,0.63938
8,90,91,15.2746,1.844674407323283e+19,0.9382,91,39.0646,1605992432,0.9382,83,186.5557,0,0.63938
9,90,91,16.582,1.84467440727195e+19,0.9382,91,36.0214,12706760848,0.9382,83,163.0146,913973792,0.63938
10,90,91,14.9528,1.844674407240988e+19,0.9382,91,34.7973,12822722160,0.9382,83,167.3957,300253104,0.63938
1,91,90,15.8876,1.844674407225155e+19,0.9342,90,38.5438,1604333568,0.9342,51,151.477,0,0.69431
2,91,90,16.3578,1.844674407236626e+19,0.9342,90,38.1853,1822322080,0.9342,51,160.1248,176,0.69431
3,91,90,16.5914,1.844674407361256e+19,0.9342,90,36.5324,13901143280,0.9342,51,130.7914,698135680,0.69431
4,91,90,14.5173,1.844674407363601e+19,0.9342,90,35.8229,13618934976,0.9342,51,137.9614,698135680,0.69431
5,91,90,15.0909,1.844674407317507e+19,0.9342,90,36.7235,12993141984,0.9342,51,139.0814,698135728,0.69431
6,91,90,15.0809,1.844674407313198e+19,0.9342,90,38.974,2246369408,0.9342,51,149.8299,0,0.69431
7,91,90,16.0231,326100336,0.9342,90,33.9905,13578158432,0.9342,51,133.8972,698135680,0.69431
8,91,90,14.7108,1.844674407263313e+19,0.9342,90,35.5797,7157122064,0.9342,51,152.1283,101081008,0.69431
9,91,90,16.1982,1.844674407258654e+19,0.9342,90,39.1991,3314769456,0.9342,51,149.7463,0,0.69431
10,91,90,15.9862,1.844674407285207e+19,0.9342,90,37.3925,5985373584,0.9342,51,149.104,54086288,0.69431
