N,SNR-Theoretical,SNR-Real,POD:Jaqqard,POD:Time,PODH:Jaqqard,PODH:Time,Hough:Jaqqard,Hough:Time
1,34,33.9107,0.98237,6.1959,0.11525,13.5995,0.43975,0.95441
2,34,33.8625,0.98221,5.9923,0.11525,13.1021,0.16404,0.59263
3,34,33.6718,0.98377,6.3952,0.11525,13.749,0.16404,0.5741
4,34,34.0241,0.98349,6.1878,0.11525,15.0658,0.16404,0.54989
5,34,33.6186,0.98273,6.1698,0.26944,13.7586,0.16404,0.51597
6,34,33.9881,0.98322,6.1209,0.11525,15.92,0.16404,0.4801
7,34,33.9881,0.98342,6.1237,0.11525,14.8843,0.16404,0.58754
8,34,33.8189,0.98352,6.2072,0.11525,14.8567,0.16404,0.71284
9,34,33.9756,0.98319,6.2642,0.11525,16.2395,0.16404,0.53242
10,34,33.589,0.98287,6.2387,0.26944,15.4363,0.16404,0.501
1,33,32.9238,0.98317,6.0316,0.11525,14.8036,0.16667,2.7447
2,33,32.8618,0.98343,5.9905,0.11525,13.8415,0.49427,2.2708
3,33,32.8664,0.98331,5.8253,0.11525,12.9499,0.16404,0.70399
4,33,32.4934,0.98325,5.8825,0.11525,12.9942,0.16404,0.94486
5,33,32.5603,0.98365,6.0672,0.11525,15.8002,0.16404,2.8188
6,33,32.6822,0.98304,5.8534,0.11525,14.4999,0.16404,0.64116
7,33,32.9522,0.98369,5.9302,0.11525,16.0629,0.16404,0.82627
8,33,32.8258,0.98392,5.9657,0.11525,13.0934,0.16404,0.86589
9,33,32.8233,0.98333,5.9056,0.11525,16.1097,0.16404,0.64853
10,33,32.666,0.98271,6.2703,0.11525,15.8999,0.16404,0.96567
1,32,32.55,0.98325,6.0009,0.11525,15.6004,0.16404,0.48291
2,32,31.961,0.98303,5.9719,0.11525,15.8888,0.16404,0.5155
3,32,31.9013,0.98333,5.9458,0.11525,14.5796,0.68639,5.6552
4,32,31.7076,0.98329,5.9883,0.11525,14.7652,0.16404,6.4339
5,32,31.3889,0.98244,6.1817,0.26944,13.9951,0.16404,2.066
6,32,32.0541,0.98353,6.1621,0.11525,15.3682,0.53263,9.8061
7,32,32.2328,0.98301,6.2958,0.11525,13.7056,0.16404,0.74507
8,32,31.5619,0.98347,6.2402,0.11525,13.8646,0.45585,7.1784
9,32,31.2518,0.98322,6.2899,0.11525,15.5133,0.15335,0.66055
10,32,31.9446,0.98282,6.3656,0.11525,15.4118,0.45918,3.7487
1,31,30.7601,0.98312,6.3778,0.11525,15.7044,0.16404,0.47888
2,31,30.8154,0.98353,6.2479,0.11525,15.3883,0.16404,0.50159
3,31,30.903,0.9833,6.2393,0.11525,15.5568,0.16667,0.55038
4,31,30.3466,0.98329,6.1762,0.11525,16.5681,0.15605,0.52714
5,31,30.1807,0.98293,6.3429,0.11525,15.251,0.16404,0.58282
6,31,30.577,0.98308,6.2243,0.11525,16.6628,0.16404,0.52447
7,31,30.557,0.98324,6.2087,0.11525,13.4784,0.16404,0.51492
8,31,30.69,0.98313,6.2031,0.11525,13.5063,0.16404,0.53237
9,31,30.73,0.9828,6.2396,0.11525,13.6252,0.16667,0.60985
10,31,31.0277,0.98344,6.3043,0.11525,13.288,0.16404,0.51563
1,30,30.2007,0.9832,6.262,0.11525,14.4743,0.16404,0.57175
2,30,29.1134,0.98333,5.9826,0.11525,14.4545,0.15335,0.50083
3,30,29.5755,0.98312,5.8121,0.11525,14.3848,0.16667,0.51141
4,30,29.5581,0.98346,5.7616,0.11525,14.3567,0.16404,0.4577
5,30,29.6137,0.98346,5.9575,0.11525,14.698,0.16404,0.47376
6,30,29.2442,0.98329,5.8031,0.11525,13.2458,0.16928,0.55463
7,30,29.3952,0.98317,6.0997,0.11525,14.9817,0.16404,0.49484
8,30,30.3905,0.98292,5.9434,0.11525,15.4469,0.16404,0.52891
9,30,29.6519,0.98307,5.861,0.11525,15.2572,0.15605,0.5998
10,30,29.9744,0.98292,5.9057,0.11525,14.9463,0.16404,0.54649
1,29,28.9815,0.98297,6.1838,0.11525,14.2175,0.15873,0.68558
2,29,28.1891,0.98335,5.9348,0.11525,14.3097,0.16404,0.54617
3,29,29.0815,0.98325,6.1198,0.11525,14.3157,0.16667,0.49198
4,29,28.5897,0.98337,6.0446,0.11525,15.0814,0.16404,0.50974
5,29,28.5705,0.98288,5.9423,0.11525,15.0711,0.14516,0.50778
6,29,28.1613,0.98315,5.8726,0.11525,15.2328,0.15605,0.51456
7,29,28.2596,0.98361,6.1254,0.11525,15.2641,0.32398,0.89761
8,29,28.3021,0.98339,6.2071,0.26944,12.8181,0.15605,0.6549
9,29,28.3499,0.9832,5.9787,0.11525,13.6043,0.16404,0.52668
10,29,28.7112,0.98341,5.8969,0.11525,13.8851,0.16404,0.4785
1,28,27.433,0.98329,5.9365,0.11525,14.2519,0.16404,0.60741
2,28,27.7274,0.98336,5.8853,0.11525,12.6758,0.16404,0.48828
3,28,27.6795,0.98338,5.8949,0.11525,15.0183,0.16404,0.78015
4,28,27.9255,0.98316,5.9152,0.11525,15.3505,0.16667,0.59173
5,28,27.5611,0.98268,6.1037,0.11525,15.514,0.15335,0.52414
6,28,27.1729,0.98219,6.2308,0.11525,15.4936,0.16404,1.772
7,28,27.7615,0.98321,6.2277,0.11525,14.1626,0.16667,0.47986
8,28,27.4085,0.98346,5.8209,0.11525,13.7472,0.15335,0.60384
9,28,27.3455,0.98319,5.7848,0.11525,13.712,0.16404,0.48081
10,28,28.2509,0.98336,5.8782,0.11525,13.4445,0.15064,0.50788
1,27,26.5406,0.98318,5.9414,0.13514,15.4697,0.49331,3.3748
2,27,26.2112,0.98318,5.8355,0.11525,15.0599,0.16667,0.70114
3,27,26.4679,0.98353,5.8464,0.11525,15.1001,0.15605,0.70371
4,27,26.5562,0.98327,5.8431,0.11525,15.0812,0.38515,2.1106
5,27,26.4993,0.98252,6.0652,0.11525,15.464,0.53752,1.9977
6,27,27.1817,0.98328,6.1142,0.26944,14.8689,0.16667,1.2295
7,27,26.2941,0.98371,6.2101,0.11525,14.6422,0.15064,3.1523
8,27,26.6611,0.98323,6.0365,0.11525,13.5861,0.15335,1.629
9,27,26.9911,0.98336,6.0698,0.11525,13.2263,0.16667,1.8265
10,27,26.5932,0.98313,6.0932,0.11525,13.0622,0.16667,0.78607
1,26,26.0174,0.98345,5.9683,0.11525,15.4507,0.16667,5.3578
2,26,25.727,0.98329,5.8956,0.11525,14.1552,0.78135,15.0398
3,26,25.4319,0.98398,6.0507,0.11525,15.5657,0.41372,3.4859
4,26,25.317,0.98274,6.1354,0.11525,14.8567,0.78766,28.5659
5,26,25.4497,0.98341,6.1968,0.11525,13.2007,0.72164,4.755
6,26,25.4511,0.98331,6.2012,0.11525,15.0152,0.16404,2.1319
7,26,25.7483,0.9838,6.2101,0.13514,15.0427,0.67162,7.6549
8,26,25.7677,0.98283,6.105,0.11525,15.0347,1,9.4126
9,26,25.5436,0.98321,6.2566,0.11525,15.5275,0.38084,3.2056
10,26,26.1019,0.98309,6.2535,0.11525,15.375,0.70358,9.834
1,25,24.7853,0.98337,6.1512,0.11525,15.5583,0.62143,14.0003
2,25,24.4226,0.98347,6.1192,0.11525,15.2999,0.4098,12.1301
3,25,24.8488,0.9834,6.1214,0.11525,15.6241,0.60954,18.7088
4,25,24.3738,0.9831,6.0649,0.11525,12.9531,0.5598,23.1535
5,25,24.3395,0.98316,6.06,0.11525,14.5865,0.71979,19.7263
6,25,24.33,0.98296,6.0718,0.11525,14.4422,0.76061,16.8206
7,25,25.1258,0.98327,6.2063,0.18246,15.1116,0.72453,17.8188
8,25,24.9343,0.98328,6.1234,0.11525,15.2791,0.77312,11.4767
9,25,24.3687,0.9831,6.1345,0.11525,14.7807,0.74617,17.5291
10,25,24.1628,0.98298,6.0544,0.11525,14.6758,0.47,20.8648
1,24,23.4574,0.9833,6.0858,0.11525,14.9632,0.89587,52.6163
2,24,23.4579,0.98336,6.0987,0.11525,14.9987,0.91841,56.3054
3,24,23.3305,0.98337,6.1503,0.13514,16.385,0.80783,40.8381
4,24,24.0173,0.98331,6.136,0.11525,13.8059,0.79272,31.8657
5,24,23.2273,0.98338,6.0574,0.15873,16.2267,0.92803,97.9498
6,24,23.5417,0.98329,6.0808,0.11525,16.2694,0.76418,70.9829
7,24,23.5085,0.98353,6.0697,0.13514,14.9806,0.77561,49.0626
8,24,23.4596,0.98313,6.1167,0.11525,16.2998,0.40724,59.2007
9,24,23.2723,0.98341,6.3484,0.11525,14.7169,0.85137,65.8946
10,24,23.0231,0.98335,6.1568,0.11525,13.1675,0.88631,64.2422
1,23,22.3998,0.98268,6.3459,0.15873,15.0279,0.88743,174.1806
2,23,22.4821,0.98342,6.2491,0.13514,14.6045,0.93597,102.9456
3,23,22.5619,0.98355,6.2709,0.17957,14.6944,0.9102,122.4419
4,23,22.1778,0.98319,6.2596,0.11525,15.1686,0.91068,200.5557
5,23,22.3239,0.98296,6.1776,0.11525,15.7143,0.82392,214.5696
6,23,21.9893,0.98336,6.2782,0.11525,16.3889,0.75628,104.7372
7,23,22.3863,0.98319,6.3164,0.11525,16.5498,0.91979,92.888
8,23,22.6233,0.98342,6.3923,0.15972,16.488,0.36298,5.673
9,23,22.3639,0.98349,6.1422,0.15385,15.0067,0.92514,77.5658
10,23,22.0105,0.98268,6.1994,0.11525,15.1599,0.94858,110.9138
1,22,21.3517,0.98325,6.1934,0.15603,15.0905,0.58787,8.5268
2,22,20.9862,0.98331,6.2389,0.15603,16.3705,0.13961,5.0667
3,22,21.1735,0.98338,6.4154,0.15734,16.2896,0.48141,5.5055
4,22,21.646,0.98336,6.0632,0.15873,14.7011,0.41242,6.2237
5,22,21.2835,0.9832,5.9872,0.11525,16.4593,0.12957,11.5879
6,22,21.4193,0.98318,5.9865,0.13514,13.696,0.71987,19.9609
7,22,21.9657,0.98362,6.3507,0.11525,13.5809,0.94877,106.3428
8,22,21.7897,0.98403,6.2217,0.11525,14.7812,1,16.774
9,22,21.9135,0.9831,6.1494,0.11525,15.0051,0.51197,11.8984
10,22,20.9526,0.98316,6.0769,0.11525,15.8411,0.89041,31.6104
1,21,21.3164,0.98311,6.3278,0.11525,13.6841,0.87136,34.6048
2,21,20.3479,0.98331,6.2587,0.13514,15.2975,0.73367,47.6282
3,21,19.7793,0.98348,5.99,0.15603,16.1193,0.8943,74.0076
4,21,20.8129,0.98329,6.2906,0.16928,16.6611,0.80853,75.5371
5,21,20.6776,0.98283,6.4633,0.15385,16.6186,0.85391,45.5684
6,21,20.9561,0.98324,6.0747,0.1865,13.534,1,22.916
7,21,20.7413,0.98331,6.2239,0.15734,15.5345,0.76714,33.5686
8,21,19.7897,0.98332,6.2173,0.11525,15.1137,0.87916,50.5034
9,21,20.1231,0.98459,6.0095,0.24069,14.6141,0.85469,86.839
10,21,20.1148,0.98325,6.2166,0.11525,16.4584,1,46.2194
1,20,19.0484,0.98319,6.2597,0.15603,16.483,0.93506,145.8178
2,20,19.5099,0.98343,6.2998,0.34605,16.3133,0.94556,109.4938
3,20,19.5327,0.98347,5.9634,0.15603,15.9973,0.92157,111.8939
4,20,20.0477,0.98309,6.0066,0.21795,16.2594,0.93642,86.7702
5,20,19.3369,0.9831,6.3262,0.2577,16.9485,0.83656,169.0332
6,20,19.8164,0.98347,6.2087,0.11525,15.3151,0.89689,112.3649
7,20,19.3198,0.98323,5.9909,0.15972,14.8718,1,122.3375
8,20,18.9883,0.98268,6.1684,0.28378,13.5289,0.95251,216.2773
9,20,19.1854,0.98286,6.1228,0.2577,16.2318,0.94137,197.5195
10,20,19.2627,0.98319,6.0024,0.15385,13.1751,0.94581,131.0276
1,19,18.9097,0.98349,6.2634,0.15873,14.1509,0.84236,265.0969
2,19,18.1095,0.98308,6.0479,0.11525,16.0506,1,206.8894
3,19,18.9013,0.98333,6.2446,0.16404,16.3434,1,208.324
4,19,18.4592,0.98336,5.9714,0.16404,13.9609,0.89738,228.8928
5,19,18.3162,0.98343,5.9659,0.16404,15.6114,0.91788,163.0098
6,19,18.0518,0.98342,6.1917,0.15873,16.3566,1,141.7875
7,19,18.47,0.98273,6.4963,0.15873,16.9178,0.95715,232.9126
8,19,17.9918,0.98295,6.174,0.11525,13.1878,1,46.6161
9,19,18.2032,0.98295,6.1753,0.15972,16.3484,0.91435,79.8283
10,19,18.4022,0.983,5.8675,0.11525,15.333,1,307.2258
1,18,16.7027,0.98297,6.1478,0.15385,15.2508,0.94968,116.0174
2,18,17.1006,0.98329,6.1522,0.15385,12.7958,0.92169,73.8537
3,18,16.6781,0.98334,5.9521,0.10989,13.3528,1,91.5881
4,18,16.44,0.9829,5.9729,0.15603,12.7588,0.94275,136.9343
5,18,17.4866,0.98356,5.9934,0.17647,14.9678,1,85.1537
6,18,17.3651,0.98329,6.0066,0.18069,15.0658,0.93514,88.3116
7,18,17.3655,0.98336,6.1419,0.16404,15.0502,0.87038,100.5917
8,18,17.6747,0.98322,6.0616,0.16404,14.9533,0.92314,131.2398
9,18,17.267,0.98308,6.066,0.15873,15.5975,0.84847,90.644
10,18,17.3796,0.98334,6.0658,0.17647,15.2928,0.93526,87.0304
1,17,16.0683,0.9831,6.2884,0.11388,15.1925,0.86867,239.2416
2,17,16.3132,0.98321,6.039,0.28531,15.1018,1,240.6472
3,17,16.66,0.98288,5.9533,0.11525,14.9554,0.86633,207.8416
4,17,16.2646,0.98391,5.9647,0.15603,13.0005,0.9221,99.4835
5,17,16.7302,0.98334,6.2887,0.25731,13.8085,1,277.5842
6,17,16.2814,0.98356,6.0569,0.22364,16.405,0.68319,234.3867
7,17,16.0798,0.98307,6.0776,0.11525,18.3956,0.96317,231.6087
8,17,15.8682,0.98331,6.1178,0.19753,15.29,0.95463,345.0908
9,17,16.2605,0.98352,6.532,0.15873,15.4312,1,259.8616
10,17,16.4344,0.98328,6.1955,0.17957,15.3047,0.86254,183.775
1,16,15.562,0.98342,6.0948,0.26389,13.9525,0.94943,108.8231
2,16,15.3852,0.98313,6.1281,0.17957,16.3216,0.86959,103.25
3,16,15.0376,0.98338,6.1408,0.26148,15.3546,0.84705,224.0857
4,16,14.8162,0.98337,6.0385,0.25731,16.0478,1,147.6691
5,16,15.5974,0.98297,6.3235,0.11388,15.0033,0.91876,130.2349
6,16,14.9793,0.98358,6.2574,0.11525,15.9025,0.84217,130.8835
7,16,15.2097,0.98308,6.0198,0.12203,13.5357,0.91402,154.8117
8,16,15.4284,0.98332,6.1021,0.13514,15.3604,0.95576,162.08
9,16,15.2267,0.98353,6.0278,0.11525,15.2476,1,237.9552
10,16,15.1945,0.98302,6.0072,0.11525,14.8836,0.90433,161.4086
1,15,15.0207,0.98284,6.0058,0.11525,14.6372,1,426.8796
2,15,14.4918,0.98296,6.4497,0.38182,16.1264,0.9964,269.7954
3,15,14.4489,0.9831,6.2427,0.23571,16.4862,1,190.3319
4,15,14.5151,0.98302,6.2815,0.14094,13.9888,1,301.3842
5,15,14.4972,0.98338,6.1343,0.16,16.3556,0.94541,289.5386
6,15,14.8064,0.98353,6.0496,0.15385,13.9732,0.92396,300.991
7,15,14.5077,0.98304,6.4615,0.11525,16.8917,0.89417,172.9303
8,15,14.4231,0.98328,6.587,0.15385,16.2296,0.96035,271.1198
9,15,14.1871,0.98347,6.4533,0.17957,14.1145,1,353.3864
10,15,14.4448,0.98294,6.3427,0.13514,14.4434,1,230.7815
1,14,13.8426,0.98311,6.3138,0.15603,15.0164,0.95402,395.2002
2,14,14.3585,0.98334,6.0582,0.28184,15.1277,1,622.5103
3,14,14.5253,0.98338,6.0607,0.16,15.605,0.97213,367.9737
4,14,13.5775,0.98324,6.3114,0.16447,16.6263,1,237.1711
5,14,13.9553,0.98362,6.3989,0.16376,15.8536,0.74808,218.8045
6,14,14.0275,0.98247,6.1154,0.10989,15.9135,1,275.0907
7,14,13.5473,0.98337,6.0332,0.25743,15.6015,0.95493,369.0623
8,14,14.1825,0.98346,6.1102,0.15385,16.9641,0.91329,246.3203
9,14,14.2991,0.98314,6.4097,0.25143,13.8963,0.96185,148.5527
10,14,14.0432,0.98349,6.2522,0.13514,16.1829,1,379.1193
1,13,12.9155,0.98334,6.2765,0.3881,13.5893,1,247.7719
2,13,13.2669,0.98295,6.3122,0.20134,13.5613,0.97256,300.3471
3,13,12.863,0.98323,6.4275,0.28729,15.7975,0.90289,196.9326
4,13,13.1607,0.98419,6.305,0.3257,16.1355,0.95335,386.4419
5,13,12.9544,0.98342,6.2964,0.52434,15.8787,1,571.8438
6,13,12.4906,0.98303,5.8381,0.31169,12.9498,0.96895,219.0475
7,13,13.1242,0.98307,6.0986,0.54211,13.6164,0.95038,250.7805
8,13,12.7574,0.983,6.3937,0.21698,16.0201,0.92944,464.6163
9,13,12.8,0.98339,5.9648,0.16928,14.785,0.95698,475.8823
10,13,13.092,0.98348,5.8876,0.27059,15.1599,1,378.5527
1,12,11.8881,0.98344,5.9777,0.40181,15.4422,0.96302,272.6838
2,12,12.0639,0.98308,5.9445,0.23242,15.0899,0.96648,337.4448
3,12,12.2303,0.98325,6.0698,0.32632,13.8155,0.90041,253.765
4,12,12.0618,0.98325,6.3669,0.16667,15.9062,0.97466,314.5106
5,12,12.0975,0.98315,5.9977,0.44368,12.7258,1,406.122
6,12,12.238,0.98322,6.3249,0.65718,13.8346,0.95726,325.1758
7,12,12.1521,0.98337,6.1604,0.49515,16.6263,0.90765,285.2367
8,12,12.0503,0.98317,6.4907,0.31854,13.9738,1,471.8123
9,12,12.0831,0.98336,6.5275,0.55833,16.8383,1,326.8981
10,12,12.4725,0.98296,6.1371,0.41067,15.1646,0.92262,268.8247
1,11,10.908,0.98331,6.3032,0.90045,16.3431,1,369.5067
2,11,11.7125,0.9831,6.1298,0.92301,16.9121,0.95018,380.9211
3,11,11.289,0.98257,6.3788,0.89381,16.5444,1,300.9935
4,11,11.2541,0.98314,6.2164,0.91593,15.7116,0.95675,475.3308
5,11,11.3651,0.98286,6.1052,0.92374,15.7831,0.93884,485.2182
6,11,10.805,0.98285,6.062,0.92233,15.7873,0.88592,275.7544
7,11,11.0542,0.98282,6.102,0.91876,16.8673,1,288.8078
8,11,11.0846,0.98304,6.211,0.93221,14.6397,0.9156,425.3692
9,11,11.182,0.98303,6.2808,0.95652,16.3505,0.96591,325.6465
10,11,10.8561,0.98325,6.1984,0.91899,16.2802,0.99792,447.9296
1,10,10.6173,0.9839,6.3749,0.98032,16.5403,1,289.1512
2,10,10.2599,0.98296,6.2383,0.98028,15.9828,0.9208,396.5636
3,10,10.6059,0.98316,5.9873,0.97808,15.4867,0.81014,250.1752
4,10,10.565,0.98328,6.2219,0.97893,16.2939,1,388.623
5,10,10.4879,0.98363,6.1126,0.98068,15.8147,0.99395,350.5938
6,10,10.7229,0.98179,6.3,0.97977,13.6486,0.95739,361.8218
7,10,10.8483,0.98315,6.2357,0.98079,14.233,0.94542,478.8835
8,10,10.4654,0.9839,6.226,0.98162,13.0585,0.99805,343.1572
9,10,10.2746,0.98349,6.2722,0.9772,13.8555,0.99594,319.4181
10,10,10.4724,0.98313,6.4494,0.97968,15.925,0.89063,492.7171
1,9,9.7774,0.98328,6.3903,0.98332,14.0073,0.92201,771.9206
2,9,10.2063,0.98306,5.9927,0.98335,12.9107,1,309.0664
3,9,9.8763,0.98359,5.9956,0.98313,14.5426,0.99385,405.485
4,9,10.106,0.98335,6.0469,0.98339,15.602,0.94901,324.6798
5,9,9.8506,0.9831,6.0932,0.98317,16.496,0.96879,386
6,9,9.9813,0.98334,6.1078,0.98337,15.8833,0.96109,560.7965
7,9,10.1591,0.98319,6.1294,0.9832,15.8161,0.97749,402.1521
8,9,9.6127,0.98314,5.9578,0.98287,15.9134,1,309.8585
9,9,9.5495,0.98357,6.0358,0.98331,16.1793,1,664.9401
10,9,9.8597,0.98348,5.987,0.98359,15.8696,0.97004,368.7663
1,8,9.2618,0.98346,5.9761,0.98342,16.185,1,426.874
2,8,9.2515,0.98357,6.0442,0.98316,16.2192,0.96429,335.8492
3,8,9.1372,0.9833,5.9565,0.98326,15.9874,0.96161,345.2484
4,8,9.3256,0.98332,5.9554,0.98371,15.5943,0.89446,405.83
5,8,9.2402,0.98292,5.877,0.98329,15.436,0.9626,440.6625
6,8,9.308,0.98323,5.8721,0.98355,14.4088,0.97571,524.9228
7,8,9.1548,0.98355,5.8398,0.98324,14.5122,0.96199,242.8357
8,8,9.6008,0.98333,6.0768,0.98345,15.8449,1,418.274
9,8,9.2579,0.98344,6.007,0.98368,12.9896,0.91423,286.8236
10,8,9.364,0.98332,6.2445,0.98357,12.6332,0.96058,440.0312
1,7,8.8163,0.98347,6.0621,0.98353,12.6217,0.89491,352.2583
2,7,8.9825,0.98321,6.1249,0.98333,15.0905,0.96724,348.634
3,7,8.8515,0.98296,6.0021,0.98359,12.8001,0.9575,410.7063
4,7,8.8734,0.98299,5.9326,0.98372,15.003,0.96471,494.5805
5,7,8.954,0.98313,6.0636,0.98357,15.2388,0.99795,497.0516
6,7,8.9622,0.98268,6.0249,0.98344,15.5411,0.97839,465.7211
7,7,8.9836,0.98345,5.9942,0.98362,15.0164,0.97561,386.1568
8,7,8.8942,0.98336,5.9557,0.9835,15.5549,1,318.4504
9,7,9.1073,0.98356,6.1876,0.98358,15.2631,1,355.5105
10,7,8.9236,0.98274,6.0682,0.98351,15.3338,0.97242,318.4365
1,6,8.3827,0.98289,6.116,0.98344,13.1605,0.98312,455.7256
2,6,8.1775,0.98325,6.0845,0.98298,15.3608,0.96064,334.6181
3,6,8.2506,0.98313,6.1665,0.98271,16.0068,1,549.6307
4,6,8.3701,0.983,6.0664,0.98354,15.324,1,692.8542
5,6,8.3389,0.98299,6.0278,0.98332,15.3402,0.96986,467.191
6,6,8.6069,0.98324,5.991,0.98336,15.5459,1,473.1751
7,6,8.5221,0.98328,5.9759,0.98352,15.597,1,703.835
8,6,8.3416,0.9834,5.8456,0.98338,12.9529,0.96836,533.4049
9,6,8.2169,0.98361,5.8252,0.9835,14.776,0.93255,464.2547
10,6,8.4194,0.98356,5.8781,0.98327,14.9913,1,324.0235
1,5,8.3083,0.98318,5.8404,0.98359,15.2598,0.99866,470.523
2,5,7.9858,0.98334,5.8006,0.98306,12.425,1,388.8762
3,5,8.1731,0.98352,5.8441,0.98364,15.0048,0.96345,348.2234
4,5,8.3786,0.98354,5.8045,0.98342,14.9265,0.99636,506.0128
5,5,8.0887,0.98324,5.8606,0.98357,14.8583,0.92957,572.7121
6,5,8.0436,0.98289,5.9955,0.98342,15.3855,1,437.7748
7,5,8.1831,0.98339,6.0006,0.98344,15.1912,0.96122,510.9063
8,5,8.0719,0.98327,6.0475,0.98359,15.0949,0.99961,429.1171
9,5,8.0936,0.98312,6.0223,0.9841,16.0815,0.93343,509.7949
10,5,8.1841,0.98326,6.1222,0.98307,16.3018,0.9729,434.3012
1,4,7.6967,0.98353,6.06,0.9831,15.7783,0.96741,454.6504
2,4,7.8951,0.98311,5.9838,0.98352,15.9532,0.9767,516.8853
3,4,7.8988,0.98288,5.9892,0.98354,15.6304,1,435.7465
4,4,7.5903,0.98324,5.9715,0.98351,15.7104,0.99338,696.2925
5,4,7.6581,0.98348,5.9325,0.98344,15.7917,0.98893,466.4509
6,4,7.7019,0.98337,5.965,0.98352,13.9255,0.94327,494.9776
7,4,7.8514,0.98351,6.0154,0.98361,16.1584,0.99077,401.8099
8,4,7.8638,0.98325,6.0676,0.98316,15.372,0.99674,464.7902
9,4,8.1208,0.98318,5.927,0.98338,15.7317,1,562.4663
10,4,7.7143,0.98331,5.9737,0.98357,16.1173,0.95891,445.9947
1,3,7.6085,0.98347,6.0073,0.98329,15.3531,0.97775,443.3962
2,3,7.699,0.98318,5.9764,0.98333,14.7629,0.93037,686.2914
3,3,7.5824,0.98324,6.1087,0.9833,15.1843,0.9962,489.6134
4,3,7.6569,0.98328,6.0747,0.98364,15.7875,0.96664,441.4934
5,3,7.844,0.98332,6.1317,0.98333,16.2968,0.9961,573.6424
6,3,7.7257,0.9835,6.4093,0.98338,16.4772,0.95388,786.6562
7,3,7.8181,0.98325,6.1272,0.98355,16.369,0.99445,676.2705
8,3,7.9058,0.98326,6.1378,0.98329,15.3445,0.99156,828.4872
9,3,7.7229,0.98304,6.1091,0.98323,12.9435,0.99089,462.885
10,3,7.4727,0.98333,6.2319,0.98358,14.7042,0.99479,709.8135
1,2,7.3995,0.98331,6.0758,0.98353,15.4029,1,611.086
2,2,7.3885,0.98279,6.0665,0.98346,12.8414,0.99442,622.6035
3,2,7.287,0.98351,5.8503,0.98319,15.5035,0.97437,431.0088
4,2,7.423,0.98295,5.7987,0.9833,14.6579,1,379.8027
5,2,7.3665,0.98328,5.8354,0.98359,14.7409,0.95398,423.8087
6,2,7.371,0.98319,5.8753,0.98359,14.7134,0.94687,778.5117
7,2,7.348,0.98365,5.8851,0.98351,15.0398,0.9903,514.1218
8,2,7.3251,0.98337,5.969,0.98357,14.9393,0.99883,509.7443
9,2,7.2977,0.9829,5.9483,0.98357,15.0519,0.93401,713.6109
10,2,7.3729,0.98352,6.0917,0.98328,15.6658,0.99553,544.3567
1,1,7.183,0.98354,6.0153,0.98341,15.42,0.96236,677.6717
2,1,7.33,0.98269,6.2501,0.98329,15.4925,0.96496,513.3423
3,1,7.407,0.98321,6.3747,0.98304,15.5058,0.97643,622.7196
4,1,7.2267,0.98332,6.2538,0.98352,16.1883,0.99658,539.588
5,1,7.3913,0.9835,6.5377,0.98352,16.038,0.98784,751.7837
6,1,7.1209,0.98294,6.1137,0.98357,15.0867,1,685.8419
7,1,7.2379,0.98318,6.8117,0.98318,16.0266,0.99662,782.1128
8,1,7.2642,0.98359,6.1284,0.98335,15.4637,0.99556,580.5844
9,1,7.2533,0.9831,6.2725,0.98364,15.8396,0.95171,747.4408
10,1,7.0401,0.98332,6.3991,0.98358,15.4521,0.99985,597.4584
1,0,7.0173,0.98322,6.5366,0.98347,16.1025,0.9727,503.5349
2,0,7.0683,0.98331,6.3519,0.98335,16.2731,0.9869,623.9549
3,0,7.1413,0.9833,6.2357,0.98355,15.5977,0.89416,716.4889
4,0,7.172,0.98339,6.1368,0.98372,15.8468,0.98467,554.5836
5,0,7.0768,0.98297,6.2513,0.98353,15.6659,0.97777,579.8608
6,0,7.0901,0.98352,6.0728,0.98368,15.4476,0.97307,795.5908
7,0,7.0072,0.98334,6.0644,0.98336,15.4387,0.99439,655.6791
8,0,7.2101,0.98336,6.3781,0.98321,14.0142,0.99329,735.4752
9,0,6.9799,0.9833,6.3109,0.98343,16.8136,0.98662,418.111
10,0,7.0835,0.98317,6.1841,0.98336,13.5308,0.99729,630.2301
